Algorithm: Betweenness Centrality
Vertex Centrality
0 46813.55
1 108452.46
2 89418.39
3 29730.22
4 12560.34
5 20029.88
6 31122.37
7 32101.57
8 38063.56
9 17517.00
10 14619.94
11 58998.57
12 31819.56
13 12548.12
14 28348.18
15 45525.97
16 38939.18
17 18855.51
18 50743.71
19 53613.81
20 111219.76
21 48177.15
22 68021.22
23 9043.06
24 34549.62
25 63171.46
26 22946.76
27 12554.23
28 25903.45
29 31304.60
30 31140.45
31 32049.40
32 21360.88
33 5292.88
34 24043.89
35 51885.34
36 23561.01
37 15397.08
38 20618.36
39 33481.37
40 28205.06
41 23954.90
42 13503.35
43 39505.89
44 19277.99
45 36956.60
46 22288.91
47 9114.72
48 33786.10
49 74952.61
50 37650.93
51 33198.53
52 35284.72
53 19938.08
54 23203.88
55 13742.02
56 56397.75
57 17413.48
58 27342.94
59 26322.73
60 11984.41
61 27509.16
62 32517.30
63 25161.25
64 5321.99
65 33523.88
66 21795.70
67 4973.02
68 23431.41
69 51485.45
70 12584.91
71 30060.43
72 24034.55
73 43795.22
74 28710.40
75 7411.34
76 28887.24
77 28920.07
78 52846.79
79 24556.17
80 10114.03
81 14764.11
82 9816.91
83 11466.21
84 32099.62
85 18741.46
86 21905.49
87 10140.73
88 35693.21
89 36148.03
90 38475.72
91 17080.53
92 1989.15
93 26171.23
94 15885.18
95 15047.47
96 15707.06
97 12800.39
98 36664.55
99 9347.08
100 28598.38
101 26395.22
102 19322.97
103 18753.36
104 19689.48
105 18007.13
106 8950.06
107 19264.16
108 26581.14
109 14789.77
110 10842.05
111 11102.54
112 9135.08
113 28575.04
114 44524.47
115 27662.49
116 22928.22
117 35189.82
118 25875.04
119 27904.34
120 25328.17
121 12949.27
122 18314.30
123 10950.17
124 17986.15
125 13992.56
126 39785.11
127 9913.19
128 26667.96
129 17000.56
130 6369.93
131 5995.43
132 9110.93
133 12512.71
134 14803.24
135 4746.00
136 23513.96
137 20080.05
138 45522.54
139 33925.81
140 18508.67
141 18077.35
142 6065.01
143 17219.78
144 5380.25
145 23982.43
146 3666.75
147 10543.29
148 6935.33
149 32386.57
150 28816.37
151 29352.34
152 17402.28
153 6228.85
154 11527.68
155 6065.24
156 21988.37
157 33844.18
158 53852.63
159 4634.82
160 65999.34
161 8369.96
162 4826.81
163 3359.62
164 33936.93
165 32102.10
166 14748.20
167 22843.71
168 23425.42
169 18109.64
170 13618.63
171 7791.99
172 5800.65
173 19301.07
174 29131.60
175 9099.36
176 30230.80
177 25128.81
178 6103.75
179 22860.62
180 4217.77
181 11760.74
182 12330.54
183 36967.78
184 20131.35
185 32642.88
186 1877.68
187 8008.90
188 21291.97
189 32914.94
190 20175.14
191 16846.01
192 8269.03
193 16466.89
194 21143.98
195 20439.70
196 7892.22
197 15929.31
198 44324.79
199 22520.79
200 14022.97
201 22405.84
202 12361.20
203 28452.22
204 11150.20
205 31549.13
206 16956.06
207 24864.55
208 11992.64
209 32619.15
210 2603.96
211 38610.13
212 35715.22
213 9748.68
214 25902.70
215 23085.09
216 16549.78
217 21435.08
218 18073.55
219 44989.90
220 29625.49
221 14210.13
222 16275.45
223 26037.29
224 7594.17
225 28763.66
226 26917.07
227 13090.26
228 9757.37
229 16026.34
230 14881.95
231 17366.52
232 28158.04
233 11363.87
234 32525.85
235 2816.74
236 19908.78
237 13565.83
238 11832.58
239 12037.84
240 19155.41
241 17893.41
242 21473.69
243 3404.51
244 19028.39
245 16559.88
246 31886.19
247 22454.25
248 11193.89
249 46298.57
250 12018.30
251 17330.99
252 46675.91
253 21796.51
254 21960.74
255 12442.81
256 5644.29
257 9226.98
258 23184.91
259 31119.17
260 7572.56
261 2634.88
262 21790.72
263 5266.62
264 21289.35
265 21712.31
266 5943.11
267 27207.95
268 11750.75
269 63033.37
270 40270.52
271 19884.83
272 7328.50
273 18715.50
274 24741.37
275 17231.25
276 7305.19
277 21273.86
278 31406.90
279 12345.41
280 14283.74
281 18387.94
282 11935.36
283 3362.11
284 10273.56
285 14580.46
286 11010.70
287 26204.99
288 22962.10
289 24595.73
290 4770.23
291 25878.99
292 8944.21
293 10746.97
294 16468.57
295 9563.61
296 11547.40
297 21491.73
298 535.70
299 24627.97
300 10870.54
301 35318.04
302 5350.76
303 28223.42
304 32568.53
305 24737.99
306 7797.11
307 19083.52
308 12842.37
309 9382.12
310 26161.36
311 16247.82
312 9699.77
313 11644.91
314 1366.98
315 48585.25
316 6049.40
317 17128.10
318 5372.71
319 7964.51
320 3939.98
321 4279.94
322 13632.91
323 15675.33
324 39904.20
325 24807.29
326 15883.88
327 15836.42
328 4402.48
329 7789.24
330 8918.79
331 1762.77
332 8179.57
333 31917.64
334 22344.84
335 13953.28
336 18244.64
337 7937.73
338 13640.21
339 34829.67
340 1511.36
341 1858.50
342 24218.74
343 25568.99
344 17745.98
345 12867.43
346 13446.05
347 20581.23
348 25071.84
349 30191.97
350 16887.79
351 19158.60
352 33168.62
353 12470.55
354 11484.87
355 6500.78
356 28595.17
357 10053.50
358 5372.72
359 8764.54
360 13359.04
361 16017.74
362 22345.39
363 12046.12
364 13454.84
365 12468.10
366 22153.45
367 31768.78
368 20003.26
369 22126.38
370 26009.67
371 25774.00
372 847.31
373 20694.37
374 12807.33
375 9588.90
376 26690.56
377 17803.31
378 21050.00
379 45033.18
380 1497.98
381 19745.52
382 5932.94
383 15933.85
384 3792.41
385 7371.74
386 12649.40
387 16905.66
388 43620.70
389 30056.07
390 4019.03
391 7740.49
392 33495.71
393 21704.20
394 16599.66
395 10965.61
396 8892.70
397 54683.55
398 12307.60
399 13956.02
400 4566.24
401 16466.42
402 12620.33
403 25617.11
404 9472.20
405 5827.21
406 31256.68
407 8253.92
408 18649.76
409 7323.97
410 23719.40
411 6691.53
412 1840.57
413 1169.11
414 18094.29
415 33176.28
416 9881.38
417 7310.50
418 24857.70
419 18577.73
420 33901.13
421 17977.52
422 5280.01
423 35907.13
424 8275.34
425 16013.22
426 18090.16
427 26710.81
428 7985.85
429 8098.20
430 7512.12
431 15795.35
432 4150.01
433 24138.60
434 15975.69
435 4601.96
436 8167.11
437 27868.65
438 10687.87
439 1280.71
440 18175.66
441 10447.93
442 8980.75
443 6979.46
444 13676.23
445 1827.74
446 28164.48
447 12060.92
448 1606.44
449 8832.27
450 7367.96
451 14146.59
452 24753.83
453 4202.87
454 23467.44
455 24112.65
456 12007.92
457 7763.85
458 9288.56
459 9408.01
460 32327.36
461 26539.88
462 18622.02
463 12727.69
464 19376.79
465 16022.37
466 8726.86
467 21585.08
468 20098.69
469 14803.21
470 6461.04
471 15330.66
472 9650.11
473 8081.30
474 9765.58
475 20205.40
476 31952.89
477 30459.33
478 28223.40
479 29801.65
480 14651.80
481 18878.07
482 1392.01
483 30202.91
484 9974.28
485 19934.08
486 15294.26
487 17492.23
488 8229.56
489 19407.74
490 11306.97
491 4208.32
492 14824.54
493 14319.68
494 16579.18
495 57497.08
496 27034.00
497 15416.11
498 344.82
499 33883.22
500 8044.37
501 25119.98
502 19702.40
503 6501.49
504 5080.42
505 18828.02
506 25064.79
507 22869.12
508 15969.87
509 4462.57
510 12231.45
511 12382.56
512 30771.53
513 25225.29
514 746.71
515 8203.48
516 32082.74
517 3771.65
518 3204.79
519 3755.50
520 37473.69
521 18153.10
522 3962.61
523 8146.09
524 4396.75
525 15942.49
526 19728.86
527 26647.75
528 25005.63
529 19892.39
530 8158.59
531 24397.46
532 1789.88
533 47280.30
534 6030.32
535 11385.39
536 19053.55
537 21775.74
538 7830.86
539 10945.45
540 15234.14
541 13352.44
542 13992.61
543 11430.91
544 6708.42
545 14045.52
546 8029.20
547 11706.48
548 21681.64
549 9683.22
550 21696.98
551 27002.51
552 21173.05
553 6636.18
554 18290.85
555 15784.28
556 27131.19
557 4467.58
558 3929.21
559 10825.95
560 22980.52
561 7014.37
562 29230.64
563 13428.39
564 12213.25
565 11692.04
566 13296.80
567 10502.93
568 27257.34
569 14092.79
570 48872.38
571 11608.81
572 20830.72
573 22419.44
574 18999.41
575 6645.39
576 10046.63
577 11825.02
578 8798.87
579 8563.48
580 14174.52
581 11818.38
582 9229.63
583 30858.60
584 10970.02
585 18592.62
586 8546.03
587 14379.86
588 7458.50
589 31481.20
590 7439.48
591 6699.26
592 4344.34
593 12236.26
594 11372.17
595 25794.32
596 10396.97
597 15684.88
598 13761.04
599 16695.17
600 17609.88
601 5394.49
602 38494.50
603 18142.26
604 2817.78
605 12401.72
606 9759.63
607 11089.29
608 13560.76
609 13830.40
610 46725.42
611 9628.57
612 17312.34
613 24144.77
614 11762.16
615 7134.32
616 8046.21
617 27811.24
618 14780.50
619 14491.98
620 18333.89
621 8064.42
622 7995.37
623 9346.48
624 7053.05
625 11573.91
626 12984.57
627 18961.09
628 22547.77
629 11983.36
630 11584.69
631 22915.16
632 19353.28
633 12439.59
634 17449.97
635 4812.40
636 24702.60
637 11548.52
638 4424.01
639 6088.16
640 29031.75
641 8724.01
642 24624.71
643 17016.05
644 10684.85
645 14649.93
646 4605.99
647 22619.11
648 21072.88
649 24618.50
650 3779.14
651 24140.29
652 13962.47
653 7588.89
654 23978.95
655 7811.46
656 4992.14
657 10934.49
658 1554.95
659 20898.59
660 9875.12
661 13519.48
662 3861.18
663 6740.07
664 2020.75
665 1927.07
666 16027.94
667 25737.10
668 21067.07
669 40431.53
670 39943.00
671 3751.44
672 9571.90
673 7972.85
674 6984.13
675 14498.71
676 16746.71
677 18538.74
678 13217.77
679 8324.82
680 10137.86
681 12061.73
682 7401.01
683 26969.79
684 16340.60
685 7596.22
686 21897.05
687 11405.55
688 18759.86
689 22006.46
690 12371.43
691 18969.66
692 13292.63
693 43957.05
694 10092.15
695 19329.20
696 9332.25
697 12902.58
698 18434.11
699 6048.27
700 11262.63
701 12735.82
702 29979.92
703 29243.71
704 9872.49
705 7484.82
706 4105.10
707 13072.15
708 10535.45
709 4630.49
710 10647.69
711 5584.21
712 5946.23
713 40047.52
714 6421.04
715 7740.09
716 3520.74
717 11275.86
718 7567.52
719 11538.15
720 1455.37
721 10688.07
722 7324.02
723 18206.80
724 2988.50
725 21234.28
726 6784.88
727 2266.01
728 8501.36
729 5705.49
730 19681.45
731 13297.36
732 1896.82
733 6556.80
734 4251.55
735 19359.50
736 18765.26
737 17225.95
738 7884.07
739 12074.87
740 5774.19
741 20283.61
742 5552.12
743 6121.93
744 16637.57
745 12155.46
746 11517.43
747 24154.93
748 52131.25
749 3171.77
750 11440.21
751 16728.39
752 20104.09
753 14040.75
754 18084.26
755 5081.34
756 12322.77
757 12109.77
758 7089.50
759 20870.84
760 8507.78
761 15959.16
762 6521.90
763 28171.02
764 11723.95
765 17893.88
766 16862.80
767 23955.28
768 42093.81
769 11108.44
770 13668.84
771 14808.24
772 21738.16
773 7686.17
774 1447.23
775 7497.25
776 12793.81
777 9198.51
778 48181.00
779 4779.67
780 12301.94
781 9061.69
782 4314.45
783 18862.45
784 6746.57
785 24622.39
786 29959.22
787 10126.04
788 10089.33
789 41176.99
790 5964.61
791 16081.95
792 13647.93
793 14933.73
794 6752.23
795 11242.00
796 27326.54
797 20587.50
798 35505.18
799 10713.13
800 17047.65
801 17053.18
802 4771.42
803 13643.37
804 25767.83
805 15413.77
806 1391.74
807 18492.73
808 18949.76
809 23877.10
810 24581.21
811 2439.83
812 11997.65
813 14184.49
814 13073.59
815 17034.28
816 11798.89
817 9038.81
818 6697.24
819 7210.95
820 21040.29
821 3045.05
822 6138.69
823 6434.60
824 16553.79
825 5327.36
826 52891.15
827 19674.19
828 4115.58
829 14558.29
830 33033.46
831 18649.19
832 36867.01
833 17264.09
834 6247.96
835 12668.78
836 4910.84
837 8167.67
838 8126.33
839 34009.15
840 15539.09
841 3833.88
842 1941.26
843 12367.77
844 3163.12
845 10956.76
846 8741.27
847 34837.85
848 14542.46
849 8903.40
850 6228.97
851 6612.67
852 10302.08
853 16451.67
854 11633.69
855 6522.72
856 15516.32
857 10691.09
858 12422.06
859 7322.38
860 9443.81
861 10866.81
862 22355.35
863 22981.16
864 0.00
865 10879.69
866 3459.94
867 18121.12
868 6938.83
869 7446.03
870 22582.56
871 2791.33
872 22600.14
873 28177.84
874 5429.09
875 7021.18
876 7377.61
877 15305.72
878 6639.56
879 21152.59
880 5295.24
881 16251.18
882 9229.38
883 35289.79
884 9372.41
885 564.49
886 11642.04
887 11850.55
888 17146.69
889 20086.33
890 16222.95
891 13237.00
892 22347.92
893 21486.06
894 9499.18
895 16351.85
896 33773.56
897 3236.48
898 8785.90
899 12847.06
900 26764.95
901 15043.01
902 4214.61
903 8463.75
904 40927.94
905 9131.10
906 9075.11
907 17852.48
908 4814.97
909 10371.02
910 7557.05
911 6183.65
912 20426.91
913 25985.30
914 4455.15
915 25475.68
916 1888.21
917 14030.35
918 5705.84
919 13911.97
920 19007.64
921 11090.51
922 690.23
923 4316.73
924 13029.50
925 5490.78
926 10113.39
927 5646.21
928 7494.90
929 833.18
930 10805.58
931 9295.39
932 21328.26
933 7006.98
934 8553.83
935 4088.25
936 922.52
937 9037.73
938 7668.79
939 36148.95
940 9975.48
941 15342.69
942 5799.71
943 13286.09
944 11142.89
945 11677.68
946 5231.98
947 26233.21
948 10605.17
949 13103.03
950 13027.15
951 8070.20
952 11395.82
953 7164.06
954 23336.26
955 3806.05
956 14026.13
957 6464.22
958 8397.04
959 67346.58
960 13558.51
961 10658.14
962 21551.51
963 32405.34
964 7570.35
965 14935.11
966 2375.90
967 20058.42
968 16356.94
969 6090.53
970 5303.73
971 20782.37
972 6941.94
973 24677.66
974 10315.29
975 3251.90
976 5350.05
977 6259.29
978 8413.26
979 12517.76
980 5946.19
981 5443.26
982 11586.22
983 10506.54
984 3058.65
985 8761.18
986 31838.44
987 1749.09
988 7179.50
989 3811.12
990 6467.56
991 11353.06
992 29130.08
993 18948.46
994 31106.07
995 19642.60
996 8527.12
997 14361.61
998 4653.93
999 6840.61
1000 12507.76
1001 6032.32
1002 11055.19
1003 13098.63
1004 5959.96
1005 8824.63
1006 26443.12
1007 4765.22
1008 14587.86
1009 13933.01
1010 10128.86
1011 14765.28
1012 5454.08
1013 10577.78
1014 17845.28
1015 3696.39
1016 9262.17
1017 11163.26
1018 18805.46
1019 7294.02
1020 10433.64
1021 14841.94
1022 15348.11
1023 6088.42
1024 9584.00
1025 21496.87
1026 15478.42
1027 5413.78
1028 6263.88
1029 18140.34
1030 7509.60
1031 19042.81
1032 3276.53
1033 20256.04
1034 30600.79
1035 10845.73
1036 1494.92
1037 12244.82
1038 13739.23
1039 9859.71
1040 20538.06
1041 10204.22
1042 7816.63
1043 11352.44
1044 3694.83
1045 5811.93
1046 8489.63
1047 15023.44
1048 15480.33
1049 8606.63
1050 5857.35
1051 12846.64
1052 2432.16
1053 8985.28
1054 14248.26
1055 16310.69
1056 17024.61
1057 18933.02
1058 17964.03
1059 12296.64
1060 9611.43
1061 22341.01
1062 9868.52
1063 4757.99
1064 12196.15
1065 11881.50
1066 17766.59
1067 11171.75
1068 9140.19
1069 8243.76
1070 12314.01
1071 8208.46
1072 1246.58
1073 4589.22
1074 14439.91
1075 4340.17
1076 4122.66
1077 10192.29
1078 9039.49
1079 9972.37
1080 13752.86
1081 6312.16
1082 2031.08
1083 10777.92
1084 23967.30
1085 6439.23
1086 10773.28
1087 5578.91
1088 23222.19
1089 22089.10
1090 10176.81
1091 7938.99
1092 8339.84
1093 21806.25
1094 9706.62
1095 7186.20
1096 23521.97
1097 5080.97
1098 16459.41
1099 0.00
1100 20639.48
1101 7323.18
1102 3001.82
1103 12171.94
1104 5383.10
1105 15961.95
1106 5450.07
1107 28141.70
1108 20176.54
1109 21435.31
1110 6177.19
1111 7710.89
1112 14618.28
1113 17740.09
1114 20295.61
1115 10400.49
1116 14073.43
1117 2338.66
1118 17523.32
1119 2967.45
1120 4771.53
1121 19108.61
1122 14862.61
1123 13678.84
1124 10104.70
1125 2404.38
1126 4826.23
1127 1001.73
1128 25156.43
1129 25876.23
1130 2623.86
1131 15656.12
1132 19327.81
1133 30950.76
1134 7385.61
1135 9166.09
1136 18352.79
1137 19156.87
1138 5012.45
1139 7244.10
1140 21978.82
1141 6908.96
1142 4664.85
1143 13030.89
1144 7817.90
1145 9148.48
1146 8723.34
1147 11651.85
1148 8978.04
1149 11372.52
1150 8945.54
1151 7415.03
1152 6864.50
1153 19889.19
1154 24301.69
1155 8127.10
1156 7963.31
1157 6510.43
1158 3090.73
1159 4287.04
1160 11046.28
1161 27600.11
1162 5156.81
1163 10275.29
1164 14764.30
1165 1821.37
1166 5729.02
1167 3416.68
1168 18155.63
1169 3189.05
1170 9346.87
1171 7832.86
1172 3771.91
1173 17021.14
1174 11480.03
1175 7247.41
1176 11635.16
1177 11745.21
1178 10437.63
1179 4331.51
1180 1815.84
1181 9550.20
1182 12691.27
1183 12446.67
1184 10234.32
1185 18319.21
1186 9675.33
1187 14774.92
1188 11243.89
1189 4217.29
1190 18041.92
1191 9107.79
1192 7339.43
1193 7641.63
1194 21014.71
1195 4224.64
1196 17828.02
1197 8480.31
1198 4997.25
1199 3858.85
1200 3943.26
1201 21131.91
1202 749.66
1203 2779.50
1204 9678.81
1205 2012.30
1206 26576.56
1207 16399.28
1208 10093.66
1209 34695.34
1210 437.25
1211 12145.40
1212 24565.40
1213 15597.31
1214 14219.01
1215 12454.87
1216 2948.00
1217 4554.34
1218 24813.64
1219 20521.90
1220 8087.10
1221 18563.33
1222 4240.55
1223 25231.69
1224 6447.71
1225 10800.58
1226 7612.81
1227 10302.38
1228 22709.76
1229 12214.34
1230 12863.68
1231 4215.28
1232 5855.26
1233 5480.50
1234 12401.91
1235 617.63
1236 11971.97
1237 5759.42
1238 562.32
1239 509.01
1240 7277.09
1241 8647.14
1242 18107.89
1243 11420.95
1244 10707.42
1245 13523.76
1246 26960.30
1247 7816.30
1248 18929.17
1249 11105.14
1250 20665.78
1251 14401.82
1252 12947.30
1253 3764.87
1254 11053.45
1255 28264.29
1256 28871.90
1257 7512.34
1258 13810.82
1259 4651.30
1260 3775.10
1261 5341.00
1262 3769.76
1263 17043.05
1264 3300.72
1265 23950.55
1266 5915.60
1267 6701.62
1268 1387.99
1269 13005.28
1270 17380.41
1271 29113.07
1272 5168.75
1273 26702.14
1274 24573.27
1275 9093.08
1276 15227.70
1277 14170.32
1278 13954.79
1279 13896.37
1280 18612.84
1281 16978.05
1282 23162.85
1283 3380.73
1284 4707.88
1285 7551.65
1286 21138.18
1287 8690.44
1288 30977.68
1289 28700.83
1290 8724.60
1291 2763.50
1292 4763.09
1293 6755.88
1294 8424.85
1295 18453.02
1296 10972.15
1297 7654.63
1298 12689.97
1299 14169.10
1300 5720.63
1301 4790.37
1302 11189.38
1303 14572.42
1304 13170.63
1305 5471.06
1306 1879.68
1307 11864.66
1308 4706.04
1309 871.88
1310 15831.41
1311 22766.84
1312 13416.17
1313 11045.87
1314 11936.78
1315 16125.95
1316 9675.54
1317 20273.34
1318 6558.75
1319 6092.94
1320 4702.39
1321 2910.78
1322 0.00
1323 13441.83
1324 1557.84
1325 4559.54
1326 11696.15
1327 599.48
1328 4584.93
1329 15852.24
1330 17943.83
1331 15879.51
1332 4182.90
1333 1433.78
1334 14029.71
1335 23758.52
1336 12561.75
1337 9832.65
1338 6711.23
1339 29480.73
1340 10519.92
1341 9029.98
1342 11744.76
1343 8200.13
1344 7831.75
1345 7939.10
1346 11697.24
1347 6128.61
1348 8464.74
1349 7112.37
1350 17482.55
1351 2516.67
1352 5106.02
1353 6638.07
1354 12035.21
1355 10579.74
1356 9273.30
1357 7093.30
1358 7479.35
1359 8864.48
1360 7792.31
1361 26668.52
1362 25974.82
1363 12190.31
1364 33471.05
1365 8014.99
1366 1139.80
1367 28263.18
1368 19881.32
1369 19023.40
1370 15749.26
1371 20052.99
1372 10735.29
1373 6377.19
1374 7745.33
1375 1526.26
1376 26058.04
1377 5125.44
1378 11212.08
1379 10505.07
1380 31822.40
1381 14041.43
1382 10715.59
1383 4503.53
1384 11662.33
1385 18868.68
1386 5092.66
1387 7487.67
1388 14704.21
1389 17756.20
1390 21785.25
1391 7216.54
1392 5463.94
1393 3682.25
1394 7056.75
1395 3941.53
1396 17428.95
1397 39769.75
1398 1657.58
1399 2214.37
1400 18522.05
1401 18659.43
1402 6499.81
1403 16153.57
1404 13360.85
1405 33309.25
1406 7520.09
1407 16736.53
1408 11653.39
1409 20614.02
1410 12277.13
1411 21600.06
1412 3991.30
1413 7309.44
1414 5258.95
1415 10461.58
1416 27307.35
1417 7192.52
1418 4996.42
1419 1889.65
1420 4446.12
1421 7312.62
1422 4645.19
1423 27558.96
1424 634.98
1425 4026.88
1426 6366.95
1427 7476.97
1428 3924.88
1429 14366.38
1430 15617.33
1431 11499.04
1432 7585.46
1433 7712.32
1434 23976.04
1435 8164.19
1436 5087.38
1437 15148.02
1438 9488.62
1439 9966.35
1440 5536.06
1441 20098.03
1442 5426.80
1443 1403.19
1444 21658.79
1445 27356.46
1446 8019.38
1447 9311.26
1448 22431.66
1449 13659.21
1450 18340.99
1451 4335.56
1452 12295.53
1453 7234.02
1454 13302.91
1455 2651.82
1456 2987.28
1457 1895.67
1458 19599.88
1459 2804.55
1460 10879.75
1461 8635.01
1462 11590.70
1463 24739.14
1464 4142.20
1465 25182.31
1466 12919.92
1467 3713.55
1468 6686.89
1469 6299.04
1470 4988.11
1471 1649.86
1472 10630.56
1473 1887.93
1474 19145.94
1475 6422.71
1476 8997.03
1477 11223.50
1478 1965.86
1479 14072.28
1480 10375.45
1481 6339.32
1482 7995.61
1483 10308.11
1484 6759.05
1485 23696.93
1486 17688.13
1487 5825.22
1488 5913.08
1489 2939.58
1490 9250.95
1491 8349.97
1492 5440.30
1493 7060.07
1494 2845.48
1495 6464.38
1496 13399.46
1497 15179.03
1498 22333.97
1499 5255.36
1500 34389.35
1501 3509.59
1502 1494.87
1503 20418.35
1504 5930.50
1505 11675.66
1506 6449.76
1507 16180.02
1508 6524.22
1509 14509.31
1510 17480.03
1511 3775.93
1512 10924.64
1513 11820.14
1514 7123.89
1515 5484.90
1516 5485.62
1517 10494.49
1518 1592.85
1519 10969.51
1520 681.32
1521 8488.42
1522 8348.88
1523 29431.25
1524 15693.31
1525 4559.78
1526 23351.60
1527 10203.90
1528 3555.72
1529 7778.23
1530 6906.55
1531 7368.88
1532 9943.28
1533 5918.09
1534 5602.38
1535 14201.31
1536 13406.72
1537 512.51
1538 5008.29
1539 14822.22
1540 24089.50
1541 6457.12
1542 4799.31
1543 9317.11
1544 2977.92
1545 19029.92
1546 7002.11
1547 13727.25
1548 2711.79
1549 3221.40
1550 9015.71
1551 8920.40
1552 2097.60
1553 13625.08
1554 7110.62
1555 3463.97
1556 25682.60
1557 16051.20
1558 12515.90
1559 14628.69
1560 7554.92
1561 1966.23
1562 16962.83
1563 16188.34
1564 21312.49
1565 5495.39
1566 5097.67
1567 6687.26
1568 10868.17
1569 5176.15
1570 13640.26
1571 21307.60
1572 857.46
1573 7746.22
1574 9942.69
1575 23218.30
1576 15227.95
1577 20182.17
1578 19843.43
1579 9923.95
1580 9676.41
1581 8612.49
1582 3528.11
1583 11151.43
1584 9656.64
1585 16383.35
1586 5366.87
1587 23086.46
1588 2452.00
1589 9326.54
1590 16845.01
1591 16663.60
1592 5056.78
1593 8982.40
1594 11431.19
1595 5851.32
1596 538.44
1597 6391.55
1598 8314.54
1599 1211.29
1600 2549.56
1601 31117.43
1602 9119.42
1603 26686.31
1604 23086.39
1605 12744.87
1606 7190.07
1607 4940.24
1608 703.33
1609 26754.13
1610 3493.41
1611 10571.25
1612 17153.38
1613 11871.96
1614 27021.92
1615 21948.93
1616 11856.16
1617 2832.10
1618 24680.95
1619 7924.29
1620 16937.71
1621 6045.74
1622 10019.67
1623 14907.44
1624 864.65
1625 7176.89
1626 3525.97
1627 8986.41
1628 9137.19
1629 8090.40
1630 7302.51
1631 2397.10
1632 18988.25
1633 9972.50
1634 10275.86
1635 3554.81
1636 6104.55
1637 4147.40
1638 2400.44
1639 13482.87
1640 4890.09
1641 2874.85
1642 9574.16
1643 2714.75
1644 11196.09
1645 4795.04
1646 10169.16
1647 6895.38
1648 3113.12
1649 2823.01
1650 8181.29
1651 4903.62
1652 5148.22
1653 7154.11
1654 11966.77
1655 12529.45
1656 4977.71
1657 4143.04
1658 19283.37
1659 8190.43
1660 16393.25
1661 17643.46
1662 39685.63
1663 13523.36
1664 3507.97
1665 6998.12
1666 2949.85
1667 15075.38
1668 1677.00
1669 2989.78
1670 618.68
1671 9100.94
1672 5533.67
1673 11924.59
1674 9562.67
1675 3591.15
1676 3350.77
1677 14084.26
1678 3309.65
1679 3353.42
1680 15763.37
1681 5419.89
1682 4064.41
1683 23476.77
1684 17140.62
1685 7246.19
1686 1927.87
1687 5568.93
1688 632.44
1689 18273.97
1690 2980.88
1691 4549.37
1692 18592.77
1693 10145.15
1694 24779.19
1695 39167.83
1696 24142.32
1697 6300.38
1698 7357.25
1699 15205.43
1700 7858.39
1701 9804.08
1702 13176.04
1703 6039.48
1704 3173.59
1705 6625.93
1706 7009.95
1707 26903.97
1708 8216.46
1709 25426.56
1710 11325.51
1711 13261.09
1712 5798.63
1713 5858.16
1714 4386.98
1715 1419.89
1716 17051.88
1717 8417.02
1718 854.18
1719 4459.41
1720 2431.02
1721 14314.51
1722 3630.30
1723 4515.06
1724 13323.45
1725 5840.41
1726 30142.97
1727 8794.43
1728 10579.66
1729 3120.12
1730 20950.82
1731 716.17
1732 10680.36
1733 9308.53
1734 17946.65
1735 10374.18
1736 24180.88
1737 7588.12
1738 25918.83
1739 9756.96
1740 23240.49
1741 25091.14
1742 14278.17
1743 5272.15
1744 1576.08
1745 5685.11
1746 36547.10
1747 2757.95
1748 6834.94
1749 5111.66
1750 5744.27
1751 6753.04
1752 10065.18
1753 15687.61
1754 13539.00
1755 8248.22
1756 15041.71
1757 10239.09
1758 3691.51
1759 1594.77
1760 2364.27
1761 8641.92
1762 8314.64
1763 12295.08
1764 1575.80
1765 12863.58
1766 10454.43
1767 16179.68
1768 6602.37
1769 18326.89
1770 2361.18
1771 2712.02
1772 12670.93
1773 10092.48
1774 7941.93
1775 14424.32
1776 1986.37
1777 4525.27
1778 10085.86
1779 5056.80
1780 27122.88
1781 4769.31
1782 8739.09
1783 8476.45
1784 9639.94
1785 5130.22
1786 10112.36
1787 12741.11
1788 8286.90
1789 10979.46
1790 15207.06
1791 15787.83
1792 5618.95
1793 3451.15
1794 2977.22
1795 14692.14
1796 7696.10
1797 8152.47
1798 9202.00
1799 14061.23
1800 12301.93
1801 12545.24
1802 9636.60
1803 14832.54
1804 8559.88
1805 4280.61
1806 7370.58
1807 8369.73
1808 3808.65
1809 11781.48
1810 2512.52
1811 9970.85
1812 7079.50
1813 12168.00
1814 424.76
1815 4950.94
1816 7085.39
1817 5543.44
1818 20663.86
1819 21998.38
1820 20441.23
1821 17393.50
1822 8940.86
1823 19900.32
1824 1220.57
1825 2329.81
1826 14190.21
1827 10060.48
1828 19538.55
1829 2298.80
1830 2741.70
1831 16206.44
1832 9770.05
1833 3672.95
1834 17600.23
1835 14588.79
1836 16330.25
1837 3245.96
1838 16375.40
1839 641.75
1840 599.34
1841 13377.01
1842 3260.88
1843 500.46
1844 560.16
1845 8487.97
1846 4731.49
1847 2612.34
1848 13101.32
1849 18930.98
1850 9750.50
1851 14927.06
1852 12713.20
1853 2009.47
1854 6400.02
1855 2302.63
1856 23052.04
1857 0.00
1858 8653.07
1859 15065.98
1860 1343.53
1861 11960.39
1862 22285.24
1863 5680.20
1864 7293.37
1865 11227.03
1866 15515.99
1867 9511.92
1868 1395.71
1869 8142.23
1870 19510.56
1871 12113.91
1872 11613.41
1873 7503.61
1874 10264.65
1875 5817.00
1876 13859.25
1877 1580.07
1878 12781.25
1879 11685.67
1880 8581.82
1881 11331.36
1882 15367.23
1883 1945.48
1884 10705.69
1885 3415.76
1886 29889.37
1887 23898.76
1888 17445.99
1889 5379.47
1890 6585.96
1891 6030.41
1892 7922.77
1893 17620.69
1894 8062.43
1895 16559.11
1896 7637.37
1897 6833.38
1898 895.31
1899 14421.33
1900 7284.04
1901 26375.71
1902 16708.71
1903 15770.67
1904 9449.92
1905 15255.19
1906 3134.95
1907 3072.69
1908 7914.07
1909 2129.07
1910 8856.87
1911 14375.07
1912 7590.39
1913 6740.60
1914 9083.24
1915 10068.25
1916 12866.60
1917 10945.48
1918 8910.71
1919 3228.42
1920 7059.57
1921 7444.23
1922 15251.53
1923 1776.76
1924 15545.17
1925 15649.92
1926 7799.83
1927 5541.82
1928 6761.49
1929 9951.99
1930 4276.75
1931 22342.06
1932 7579.30
1933 12000.59
1934 13830.43
1935 53746.50
1936 11761.79
1937 5463.36
1938 13484.41
1939 5966.55
1940 28473.07
1941 6645.01
1942 13076.25
1943 6354.73
1944 12344.73
1945 5430.23
1946 6634.13
1947 2792.00
1948 544.92
1949 2162.55
1950 8154.28
1951 14527.87
1952 4638.42
1953 17133.28
1954 1581.29
1955 36660.23
1956 5905.48
1957 7158.16
1958 3639.68
1959 3892.61
1960 23406.66
1961 4595.65
1962 19679.61
1963 1915.51
1964 10450.80
1965 6117.74
1966 4208.10
1967 11673.58
1968 22690.13
1969 29888.19
1970 1732.68
1971 5593.07
1972 8774.74
1973 9426.31
1974 16113.72
1975 10727.03
1976 5006.79
1977 2721.83
1978 5059.40
1979 31554.11
1980 8411.25
1981 9591.28
1982 5145.32
1983 23801.82
1984 21412.36
1985 18885.19
1986 3453.28
1987 6411.86
1988 5896.45
1989 5027.17
1990 11273.49
1991 5502.05
1992 5733.51
1993 9859.37
1994 5213.56
1995 5323.10
1996 12797.47
1997 17077.05
1998 23417.67
1999 3419.80
2000 10490.34
2001 19131.36
2002 13177.74
2003 11746.76
2004 7037.61
2005 15789.28
2006 6810.37
2007 6294.41
2008 2176.61
2009 3194.51
2010 17465.01
2011 3450.63
2012 8753.08
2013 7851.64
2014 5602.69
2015 24769.88
2016 6202.69
2017 6919.80
2018 0.00
2019 9435.01
2020 22673.36
2021 17332.37
2022 9630.06
2023 9642.12
2024 0.00
2025 4505.12
2026 12360.44
2027 11348.76
2028 10619.40
2029 15139.57
2030 23578.77
2031 14553.67
2032 5401.27
2033 8853.44
2034 18756.24
2035 10728.59
2036 10344.50
2037 13198.79
2038 6263.31
2039 8151.25
2040 10848.83
2041 10488.41
2042 1902.48
2043 5663.33
2044 6243.44
2045 15005.41
2046 12554.90
2047 7348.64
2048 16596.45
2049 9597.01
2050 22528.31
2051 7975.58
2052 18780.38
2053 20926.90
2054 27486.90
2055 5994.40
2056 11747.10
2057 898.46
2058 12958.96
2059 14376.42
2060 15255.79
2061 5058.27
2062 16129.58
2063 1900.64
2064 19512.89
2065 27737.51
2066 4805.11
2067 1705.04
2068 7214.17
2069 12920.87
2070 18136.46
2071 11712.86
2072 6073.32
2073 18186.45
2074 9427.69
2075 15352.85
2076 9045.05
2077 29788.34
2078 8476.04
2079 5966.94
2080 13644.38
2081 19346.27
2082 3744.00
2083 2952.67
2084 23798.09
2085 3382.56
2086 2917.38
2087 733.76
2088 19837.17
2089 4055.15
2090 9915.18
2091 7820.82
2092 6714.41
2093 4175.35
2094 12873.77
2095 16232.42
2096 3276.39
2097 8081.49
2098 4553.31
2099 5584.81
2100 3896.41
2101 2060.63
2102 17367.66
2103 11497.40
2104 10875.47
2105 12952.99
2106 10941.90
2107 20746.09
2108 6009.41
2109 10219.84
2110 14518.70
2111 3345.55
2112 9099.51
2113 8912.93
2114 8537.44
2115 7119.24
2116 14099.78
2117 2968.09
2118 8231.88
2119 5704.17
2120 26078.54
2121 3055.83
2122 5967.92
2123 1813.12
2124 4179.91
2125 14524.35
2126 469.05
2127 10735.87
2128 1721.63
2129 6839.70
2130 22748.77
2131 5458.92
2132 10165.87
2133 383.99
2134 4047.11
2135 3020.64
2136 7578.40
2137 28073.47
2138 7556.19
2139 6214.94
2140 4749.17
2141 5413.86
2142 396.44
2143 2198.31
2144 4365.75
2145 8014.04
2146 26531.06
2147 1458.35
2148 17001.94
2149 13064.66
2150 3658.84
2151 4721.88
2152 12591.19
2153 16497.54
2154 7743.68
2155 7851.95
2156 16300.88
2157 1449.11
2158 19165.69
2159 13030.85
2160 7192.52
2161 7246.61
2162 1084.24
2163 12392.12
2164 15023.59
2165 2734.92
2166 8234.37
2167 12772.84
2168 19796.37
2169 4595.58
2170 662.26
2171 16156.49
2172 7307.16
2173 4249.31
2174 3281.04
2175 6864.50
2176 3725.78
2177 3029.70
2178 8881.65
2179 2204.20
2180 4861.73
2181 25874.25
2182 1209.60
2183 1233.80
2184 11988.79
2185 33797.51
2186 19643.76
2187 5316.29
2188 8097.24
2189 6145.28
2190 6631.98
2191 33216.83
2192 6774.10
2193 6910.02
2194 5217.48
2195 7358.82
2196 19049.60
2197 15501.16
2198 8726.37
2199 10083.90
2200 4927.31
2201 2968.97
2202 27095.77
2203 3890.65
2204 8194.12
2205 1815.56
2206 8837.20
2207 807.56
2208 12671.37
2209 20080.98
2210 14567.78
2211 2395.09
2212 4405.59
2213 9506.23
2214 2007.63
2215 19234.38
2216 16991.01
2217 5775.81
2218 19014.52
2219 7062.22
2220 3806.22
2221 26323.81
2222 13895.51
2223 6525.69
2224 15248.99
2225 3542.88
2226 14541.34
2227 1287.83
2228 8121.37
2229 8415.31
2230 6457.76
2231 4713.68
2232 12978.72
2233 6437.07
2234 1360.90
2235 4384.47
2236 5335.00
2237 5256.30
2238 21764.60
2239 7118.68
2240 3427.38
2241 16548.75
2242 13789.40
2243 17288.32
2244 1601.19
2245 13645.75
2246 0.00
2247 27918.06
2248 8271.65
2249 7107.71
2250 20730.00
2251 4828.35
2252 16036.07
2253 15408.10
2254 7322.14
2255 30684.16
2256 5658.50
2257 2792.24
2258 12096.34
2259 7271.30
2260 1217.00
2261 5370.82
2262 11289.33
2263 10739.73
2264 8406.88
2265 9323.88
2266 12367.79
2267 15469.50
2268 9367.22
2269 7914.09
2270 4168.18
2271 23262.39
2272 18168.40
2273 6867.37
2274 12428.25
2275 10096.50
2276 3575.12
2277 15436.04
2278 9456.12
2279 4260.33
2280 36544.58
2281 3984.15
2282 10461.03
2283 19249.38
2284 905.80
2285 5241.60
2286 7509.05
2287 15304.80
2288 1026.73
2289 6687.30
2290 680.70
2291 381.26
2292 7541.79
2293 9532.67
2294 12763.29
2295 15077.31
2296 8404.64
2297 8450.79
2298 8243.46
2299 11027.40
2300 13045.69
2301 4998.33
2302 1629.87
2303 10025.14
2304 6592.99
2305 12707.89
2306 6253.24
2307 4155.81
2308 2363.57
2309 10317.15
2310 19891.53
2311 1861.59
2312 2060.41
2313 12454.97
2314 12224.03
2315 16468.45
2316 5101.53
2317 6369.80
2318 19686.65
2319 22560.13
2320 4260.00
2321 8785.80
2322 13474.08
2323 5501.07
2324 13331.24
2325 17726.31
2326 18483.88
2327 13858.10
2328 2604.31
2329 1749.36
2330 11673.61
2331 9929.69
2332 4210.30
2333 14040.87
2334 6613.41
2335 14329.42
2336 14532.89
2337 6969.54
2338 18579.57
2339 23940.34
2340 14754.72
2341 31857.01
2342 4694.97
2343 543.58
2344 14935.91
2345 5535.69
2346 18271.26
2347 17938.02
2348 19063.30
2349 6680.17
2350 6529.15
2351 3745.10
2352 4364.78
2353 10239.21
2354 3179.53
2355 12018.31
2356 20069.13
2357 10986.55
2358 5055.60
2359 4695.00
2360 8495.70
2361 5829.46
2362 5168.94
2363 5161.32
2364 696.12
2365 19960.55
2366 6428.46
2367 9486.86
2368 3474.60
2369 6157.99
2370 7022.04
2371 5106.55
2372 12297.84
2373 18551.86
2374 6927.04
2375 1800.84
2376 24463.69
2377 20424.04
2378 1699.78
2379 4689.75
2380 16469.30
2381 14423.49
2382 16748.31
2383 17333.46
2384 5602.33
2385 7294.23
2386 28170.55
2387 27476.49
2388 2395.31
2389 3144.10
2390 1983.85
2391 16662.79
2392 10115.98
2393 18710.06
2394 1447.99
2395 17460.71
2396 6163.45
2397 27878.80
2398 15698.72
2399 9056.76
2400 0.00
2401 5912.64
2402 3816.80
2403 18257.06
2404 6519.31
2405 3160.59
2406 1922.98
2407 11620.73
2408 2541.42
2409 4618.41
2410 2722.12
2411 451.52
2412 17578.83
2413 7104.41
2414 7544.03
2415 40013.17
2416 15099.08
2417 8129.75
2418 2832.68
2419 20210.78
2420 3387.09
2421 1834.55
2422 2597.77
2423 410.17
2424 7364.72
2425 12587.66
2426 11039.13
2427 15461.86
2428 4111.32
2429 5107.01
2430 4720.21
2431 8206.12
2432 5814.31
2433 27665.62
2434 9322.06
2435 6259.85
2436 3825.27
2437 1049.92
2438 5348.27
2439 23598.19
2440 1289.24
2441 8621.11
2442 6337.97
2443 5395.05
2444 10467.74
2445 11663.24
2446 11502.94
2447 9575.29
2448 13614.41
2449 6596.71
2450 3811.94
2451 3122.24
2452 24649.83
2453 35468.20
2454 5847.70
2455 4866.19
2456 4695.68
2457 5360.35
2458 3662.99
2459 9586.83
2460 13804.27
2461 3685.90
2462 12110.51
2463 8816.49
2464 3399.18
2465 4411.68
2466 4361.04
2467 1690.29
2468 21833.89
2469 6965.29
2470 7395.95
2471 7281.42
2472 7537.62
2473 11288.31
2474 5538.69
2475 7454.87
2476 3560.13
2477 7615.22
2478 5703.30
2479 4977.12
2480 8352.66
2481 4241.69
2482 6168.09
2483 16912.24
2484 2546.59
2485 10236.19
2486 9836.46
2487 6557.47
2488 1139.17
2489 4706.88
2490 8826.30
2491 16328.91
2492 6380.38
2493 13275.55
2494 12766.11
2495 5889.29
2496 16789.55
2497 1870.61
2498 7790.58
2499 3686.06
2500 6611.16
2501 5921.16
2502 1684.21
2503 492.02
2504 7140.72
2505 5307.39
2506 10645.96
2507 10559.65
2508 2421.88
2509 10276.19
2510 3660.37
2511 5613.36
2512 15319.54
2513 3320.49
2514 1595.96
2515 10526.41
2516 9614.15
2517 8503.40
2518 7887.21
2519 18456.92
2520 2147.60
2521 5769.74
2522 8596.40
2523 3052.26
2524 8153.33
2525 16307.11
2526 20931.26
2527 4157.75
2528 8566.84
2529 9783.55
2530 475.90
2531 1260.79
2532 20300.43
2533 16311.53
2534 16514.36
2535 17194.68
2536 9107.72
2537 1160.83
2538 7018.70
2539 3416.27
2540 15657.79
2541 4765.34
2542 2419.64
2543 15870.20
2544 5642.95
2545 4749.60
2546 3106.18
2547 11880.18
2548 5097.16
2549 2818.91
2550 5493.81
2551 4442.38
2552 1592.19
2553 7817.75
2554 12945.30
2555 20192.40
2556 21896.76
2557 1781.77
2558 3588.13
2559 5972.69
2560 3572.72
2561 6243.26
2562 5952.00
2563 2362.74
2564 19205.85
2565 4735.70
2566 8672.44
2567 4319.15
2568 357.23
2569 1362.12
2570 11723.62
2571 4383.54
2572 8184.16
2573 14795.88
2574 2860.22
2575 5666.95
2576 10698.59
2577 5047.37
2578 1651.66
2579 19833.60
2580 3374.56
2581 2081.92
2582 8086.65
2583 4133.29
2584 5950.67
2585 8108.72
2586 25084.40
2587 7833.17
2588 1502.28
2589 12370.04
2590 1341.82
2591 12330.76
2592 3781.95
2593 4249.17
2594 7969.95
2595 13236.59
2596 23372.58
2597 4462.27
2598 6420.94
2599 6957.39
2600 7696.67
2601 7214.63
2602 1459.85
2603 7802.47
2604 13306.36
2605 4452.17
2606 4174.74
2607 1372.73
2608 584.66
2609 11716.66
2610 9303.49
2611 4518.10
2612 15314.91
2613 18319.86
2614 5826.78
2615 10126.50
2616 6282.80
2617 1466.09
2618 2052.69
2619 18949.16
2620 9635.69
2621 7960.66
2622 6574.15
2623 5715.53
2624 11646.09
2625 26271.14
2626 8607.76
2627 479.50
2628 11483.86
2629 9609.10
2630 442.70
2631 9914.13
2632 7456.90
2633 7239.79
2634 10199.62
2635 1510.24
2636 13134.07
2637 1469.64
2638 1463.10
2639 4075.05
2640 1737.72
2641 4325.44
2642 2827.71
2643 8494.92
2644 1309.50
2645 7122.40
2646 21377.33
2647 593.71
2648 1801.43
2649 5224.92
2650 8229.97
2651 2921.34
2652 487.05
2653 7031.73
2654 6054.60
2655 14406.01
2656 7827.64
2657 9171.87
2658 9673.11
2659 11641.86
2660 8177.99
2661 3097.46
2662 10171.60
2663 18183.27
2664 22658.48
2665 4049.36
2666 3612.12
2667 15363.66
2668 15682.77
2669 5177.37
2670 6206.02
2671 11353.69
2672 8576.05
2673 15284.44
2674 4786.08
2675 16369.89
2676 6656.67
2677 13674.11
2678 5203.36
2679 11197.85
2680 3901.29
2681 18999.24
2682 1713.00
2683 14590.31
2684 5343.15
2685 5185.65
2686 2942.54
2687 7482.85
2688 8563.50
2689 9183.54
2690 11509.53
2691 17564.04
2692 10183.84
2693 4480.21
2694 7585.11
2695 4147.25
2696 3431.49
2697 1945.94
2698 5710.86
2699 11761.20
2700 8259.05
2701 515.77
2702 2926.74
2703 8880.53
2704 12787.22
2705 13952.09
2706 8327.56
2707 15317.33
2708 16481.46
2709 8522.48
2710 20091.37
2711 16224.79
2712 16182.83
2713 10463.88
2714 2567.96
2715 4966.57
2716 31999.12
2717 17817.75
2718 10967.28
2719 6268.58
2720 9137.86
2721 4041.03
2722 4721.12
2723 11810.01
2724 851.52
2725 8556.23
2726 28999.61
2727 15406.98
2728 10642.90
2729 4001.64
2730 1452.25
2731 5827.62
2732 1976.56
2733 10416.51
2734 6107.30
2735 2654.62
2736 11399.74
2737 5886.86
2738 15209.67
2739 12214.13
2740 21034.26
2741 2550.39
2742 17770.41
2743 376.81
2744 11575.68
2745 12046.73
2746 5103.29
2747 8613.93
2748 3051.86
2749 7497.75
2750 4647.72
2751 13292.33
2752 5037.06
2753 7494.03
2754 5949.19
2755 10298.81
2756 15237.45
2757 6282.95
2758 1515.85
2759 10674.18
2760 7393.00
2761 1639.90
2762 5950.86
2763 13970.57
2764 15716.65
2765 3260.62
2766 6617.01
2767 8253.41
2768 1455.60
2769 538.37
2770 12102.86
2771 10056.48
2772 16839.89
2773 7115.00
2774 24347.42
2775 6250.17
2776 5766.47
2777 5652.09
2778 14047.07
2779 3488.32
2780 10004.35
2781 13474.13
2782 1550.12
2783 9160.28
2784 8597.79
2785 2404.30
2786 13289.00
2787 1511.47
2788 3718.11
2789 12310.30
2790 4749.15
2791 4345.15
2792 1853.97
2793 8861.63
2794 12833.21
2795 1340.54
2796 2817.20
2797 19131.36
2798 15421.19
2799 16189.96
2800 8310.09
2801 1428.64
2802 2881.83
2803 3062.64
2804 24756.86
2805 719.96
2806 6523.80
2807 24321.74
2808 3260.79
2809 6381.71
2810 21248.54
2811 6584.63
2812 5957.72
2813 6533.48
2814 1816.49
2815 10055.79
2816 472.19
2817 715.49
2818 8150.52
2819 3576.80
2820 712.05
2821 2008.02
2822 10139.08
2823 4194.54
2824 2711.69
2825 1613.38
2826 5084.22
2827 7401.76
2828 2223.42
2829 22963.03
2830 4030.59
2831 3280.44
2832 3242.00
2833 7124.03
2834 7843.27
2835 2050.84
2836 2194.00
2837 25092.08
2838 6452.75
2839 3966.75
2840 10184.06
2841 9098.35
2842 18132.19
2843 8497.85
2844 8885.13
2845 3417.59
2846 3159.26
2847 2138.27
2848 9282.86
2849 1877.03
2850 3626.57
2851 8563.49
2852 21174.97
2853 4969.06
2854 1792.79
2855 24996.39
2856 11411.43
2857 1158.88
2858 3288.05
2859 10995.76
2860 4030.56
2861 9158.25
2862 2784.28
2863 739.00
2864 2115.59
2865 11200.49
2866 4747.81
2867 5584.79
2868 8031.05
2869 6253.25
2870 6570.25
2871 9187.32
2872 1538.47
2873 7787.17
2874 3516.61
2875 4686.27
2876 3983.80
2877 25898.23
2878 3565.31
2879 1609.77
2880 2201.32
2881 5424.82
2882 898.37
2883 5534.50
2884 15942.89
2885 3042.28
2886 7374.17
2887 1742.53
2888 5454.47
2889 1855.56
2890 6898.15
2891 4265.42
2892 3346.88
2893 4765.29
2894 9356.44
2895 1937.66
2896 20126.83
2897 10833.78
2898 3683.54
2899 9806.37
2900 9272.48
2901 5468.93
2902 6497.10
2903 6304.45
2904 8529.74
2905 18124.37
2906 8004.14
2907 609.69
2908 4004.57
2909 3689.38
2910 3140.18
2911 8040.35
2912 34513.99
2913 0.00
2914 1640.99
2915 6038.15
2916 3188.55
2917 11022.76
2918 3202.10
2919 3464.61
2920 7682.77
2921 1342.85
2922 2689.16
2923 21977.22
2924 725.65
2925 7026.20
2926 1694.76
2927 14848.83
2928 854.69
2929 7776.11
2930 2026.19
2931 5706.51
2932 358.50
2933 7472.21
2934 14673.89
2935 11539.15
2936 1660.55
2937 11018.57
2938 6138.74
2939 5409.31
2940 3426.93
2941 3408.97
2942 12915.94
2943 4448.88
2944 12498.01
2945 3844.26
2946 5690.19
2947 9087.03
2948 8149.55
2949 11837.81
2950 7102.05
2951 7969.89
2952 5131.38
2953 12194.21
2954 7821.90
2955 5807.19
2956 11172.92
2957 11568.93
2958 10494.82
2959 13499.29
2960 1452.74
2961 19081.01
2962 394.12
2963 519.28
2964 23096.77
2965 4979.77
2966 5809.79
2967 2090.26
2968 3976.13
2969 3548.70
2970 5587.11
2971 4424.60
2972 7640.46
2973 8098.79
2974 11969.28
2975 3549.96
2976 31552.37
2977 13648.91
2978 8453.84
2979 6589.60
2980 12314.92
2981 10568.96
2982 15919.11
2983 3989.61
2984 13000.82
2985 6638.38
2986 11403.97
2987 4641.93
2988 10309.86
2989 3305.08
2990 3855.84
2991 2698.60
2992 16178.55
2993 3953.61
2994 5155.04
2995 4753.13
2996 6286.24
2997 3343.93
2998 2603.65
2999 17281.70
3000 14815.90
3001 3274.45
3002 7785.32
3003 4412.66
3004 17830.30
3005 3571.20
3006 8872.70
3007 8645.72
3008 8248.12
3009 3529.27
3010 1777.16
3011 3613.95
3012 5855.77
3013 10605.81
3014 586.78
3015 671.28
3016 5561.49
3017 10661.91
3018 10309.94
3019 7765.06
3020 4235.92
3021 6762.67
3022 10049.18
3023 13103.13
3024 634.76
3025 9408.46
3026 606.68
3027 1689.21
3028 19713.11
3029 1677.06
3030 3096.80
3031 4800.60
3032 4709.41
3033 5162.55
3034 9809.74
3035 7938.35
3036 8117.99
3037 11540.53
3038 5540.76
3039 12125.43
3040 5021.39
3041 3264.76
3042 5364.41
3043 661.66
3044 1825.13
3045 1468.03
3046 1595.82
3047 23522.02
3048 3389.26
3049 568.17
3050 868.61
3051 2014.92
3052 402.45
3053 7147.27
3054 9445.98
3055 7169.97
3056 11639.60
3057 7183.91
3058 8435.97
3059 461.47
3060 1264.56
3061 3204.25
3062 3322.68
3063 3528.80
3064 13402.16
3065 1832.23
3066 573.56
3067 4454.06
3068 1482.37
3069 16993.40
3070 12134.91
3071 4562.68
3072 6362.14
3073 2788.42
3074 7810.92
3075 10200.21
3076 13422.61
3077 16206.77
3078 13389.89
3079 6086.90
3080 12216.34
3081 10979.59
3082 8010.13
3083 15337.47
3084 11946.87
3085 10227.59
3086 5977.33
3087 2865.12
3088 5921.27
3089 1737.48
3090 18102.49
3091 7231.37
3092 1369.01
3093 1436.17
3094 8821.66
3095 12383.93
3096 2166.66
3097 13958.17
3098 3184.21
3099 8992.74
3100 1068.58
3101 965.43
3102 4504.73
3103 18136.73
3104 7486.79
3105 3748.05
3106 4953.37
3107 3663.48
3108 13172.20
3109 488.40
3110 12216.26
3111 1345.03
3112 4834.41
3113 7747.95
3114 3097.99
3115 6346.28
3116 26124.76
3117 1727.41
3118 1669.99
3119 3616.85
3120 2071.52
3121 4237.78
3122 450.00
3123 7043.62
3124 6822.62
3125 4322.23
3126 2913.36
3127 7598.11
3128 1863.97
3129 2760.29
3130 8118.77
3131 7324.58
3132 3573.37
3133 5166.70
3134 1854.80
3135 9776.94
3136 2230.62
3137 3632.71
3138 9003.79
3139 4359.38
3140 26400.18
3141 17911.97
3142 11490.82
3143 458.46
3144 4242.21
3145 1410.50
3146 16383.30
3147 6642.16
3148 5234.96
3149 8873.63
3150 11097.79
3151 316.44
3152 14820.88
3153 11889.43
3154 7486.89
3155 2067.27
3156 4844.96
3157 1889.85
3158 9902.53
3159 8035.23
3160 11261.48
3161 4488.65
3162 9889.97
3163 7065.49
3164 1341.41
3165 0.00
3166 3765.00
3167 1731.44
3168 8466.95
3169 2117.79
3170 4447.57
3171 1770.95
3172 6897.96
3173 5650.61
3174 1477.11
3175 6047.23
3176 1734.59
3177 597.72
3178 3328.51
3179 3588.80
3180 3991.61
3181 1869.55
3182 18408.13
3183 0.00
3184 4193.70
3185 2959.43
3186 1404.36
3187 3498.26
3188 9063.45
3189 3297.34
3190 3912.83
3191 9041.14
3192 26554.32
3193 3455.00
3194 11404.38
3195 2391.85
3196 4572.33
3197 17885.05
3198 10896.95
3199 26881.76
3200 8097.43
3201 3601.76
3202 596.94
3203 9846.43
3204 5754.20
3205 3725.16
3206 4084.84
3207 9787.78
3208 11423.90
3209 2147.60
3210 5101.64
3211 25149.44
3212 7653.63
3213 8012.28
3214 14796.03
3215 18912.34
3216 15082.20
3217 17500.82
3218 5795.65
3219 10439.84
3220 1608.73
3221 3149.41
3222 0.00
3223 8099.03
3224 16510.98
3225 4049.11
3226 7590.30
3227 784.81
3228 13640.30
3229 0.00
3230 2781.67
3231 7895.04
3232 1602.59
3233 14823.13
3234 11628.93
3235 6568.00
3236 8786.84
3237 4422.95
3238 6335.86
3239 2069.13
3240 23438.40
3241 3729.02
3242 9458.25
3243 7098.71
3244 0.00
3245 1220.45
3246 0.00
3247 16358.70
3248 615.31
3249 5881.02
3250 3664.28
3251 4918.55
3252 6139.52
3253 2208.99
3254 1311.66
3255 10099.59
3256 0.00
3257 683.89
3258 1256.38
3259 9931.40
3260 8690.39
3261 5730.10
3262 973.22
3263 3545.82
3264 10213.09
3265 572.40
3266 8704.34
3267 801.19
3268 1790.73
3269 4418.48
3270 12992.21
3271 7546.11
3272 931.90
3273 5352.98
3274 7382.16
3275 1124.84
3276 3773.14
3277 3969.82
3278 5242.15
3279 15089.15
3280 15746.29
3281 6112.85
3282 9811.88
3283 23921.38
3284 18002.74
3285 1258.11
3286 5353.08
3287 3979.03
3288 4972.02
3289 5024.01
3290 18981.57
3291 2796.64
3292 5028.73
3293 8662.90
3294 19531.98
3295 3247.06
3296 6446.02
3297 6835.52
3298 12675.22
3299 2797.76
3300 8042.78
3301 4945.37
3302 0.00
3303 8805.90
3304 20682.04
3305 3341.23
3306 6894.23
3307 14341.43
3308 3470.68
3309 4281.74
3310 735.60
3311 5613.92
3312 5806.24
3313 11443.31
3314 5252.60
3315 2122.20
3316 9030.07
3317 6051.29
3318 1461.43
3319 3859.52
3320 12221.16
3321 16322.19
3322 4478.60
3323 3079.29
3324 5847.89
3325 2293.65
3326 9695.05
3327 17187.39
3328 4983.13
3329 1463.90
3330 3999.95
3331 17927.64
3332 3195.67
3333 1592.61
3334 6475.38
3335 0.00
3336 7165.22
3337 2956.79
3338 13045.51
3339 14759.17
3340 22936.95
3341 5015.84
3342 13694.00
3343 8136.45
3344 1367.37
3345 6471.97
3346 6608.63
3347 7387.22
3348 2840.11
3349 1827.53
3350 0.00
3351 482.38
3352 3746.30
3353 16518.43
3354 1703.96
3355 732.02
3356 2901.93
3357 6681.55
3358 5972.65
3359 17039.42
3360 11107.86
3361 11473.77
3362 5677.09
3363 7469.93
3364 542.30
3365 1538.23
3366 5738.19
3367 5951.21
3368 5978.65
3369 7364.46
3370 4188.23
3371 14369.71
3372 14007.68
3373 8212.95
3374 8990.96
3375 8556.24
3376 7805.23
3377 2949.85
3378 6416.05
3379 2910.80
3380 2416.59
3381 5486.74
3382 10851.20
3383 2014.94
3384 1574.26
3385 3128.84
3386 1680.21
3387 3683.34
3388 6768.80
3389 4907.55
3390 16240.96
3391 675.91
3392 1642.63
3393 14346.08
3394 6991.76
3395 10306.28
3396 15917.67
3397 2252.17
3398 4748.52
3399 2983.26
3400 2611.31
3401 9423.45
3402 9346.93
3403 1531.15
3404 6111.49
3405 2754.36
3406 21868.38
3407 1757.15
3408 625.22
3409 7245.45
3410 5236.40
3411 5423.04
3412 740.63
3413 4646.33
3414 19370.18
3415 20068.36
3416 887.43
3417 3494.63
3418 3017.94
3419 10290.78
3420 5467.81
3421 5111.41
3422 9178.10
3423 0.00
3424 5062.78
3425 9960.70
3426 10262.40
3427 7399.39
3428 4334.68
3429 3959.64
3430 496.52
3431 1822.99
3432 2831.10
3433 7109.99
3434 571.94
3435 1959.69
3436 2821.52
3437 7960.24
3438 9854.39
3439 1414.39
3440 2201.58
3441 7196.88
3442 6002.60
3443 16567.14
3444 6586.00
3445 5935.71
3446 7929.77
3447 991.19
3448 6441.81
3449 5009.45
3450 3224.84
3451 7281.80
3452 6590.50
3453 24795.07
3454 0.00
3455 2683.43
3456 1729.02
3457 1813.88
3458 7451.01
3459 8745.63
3460 1526.26
3461 12947.49
3462 9980.30
3463 2625.27
3464 6674.76
3465 5278.98
3466 2622.90
3467 9738.98
3468 21429.14
3469 2505.41
3470 11159.18
3471 7529.63
3472 5379.49
3473 3779.13
3474 29979.29
3475 17850.66
3476 3754.05
3477 535.95
3478 3791.57
3479 9805.10
3480 6778.17
3481 7331.94
3482 3987.66
3483 429.90
3484 27110.10
3485 1613.31
3486 3698.61
3487 4756.55
3488 14464.76
3489 12050.22
3490 16787.69
3491 12114.96
3492 3182.68
3493 14734.63
3494 6577.83
3495 0.00
3496 2849.89
3497 603.50
3498 1917.87
3499 7557.92
3500 17909.27
3501 5812.25
3502 1456.13
3503 16472.67
3504 11354.03
3505 6175.48
3506 2027.88
3507 3994.31
3508 3684.86
3509 6766.31
3510 544.42
3511 702.94
3512 6308.25
3513 7204.45
3514 4262.81
3515 882.93
3516 28969.48
3517 6092.58
3518 3432.54
3519 700.51
3520 5612.82
3521 5911.78
3522 6241.99
3523 20048.10
3524 1658.86
3525 3592.61
3526 2695.85
3527 8684.19
3528 18033.53
3529 6930.98
3530 3881.67
3531 3150.45
3532 4016.43
3533 3251.22
3534 9085.72
3535 3892.66
3536 10536.41
3537 5032.23
3538 3947.97
3539 4055.65
3540 21034.89
3541 11057.00
3542 7627.49
3543 2753.36
3544 23223.80
3545 12146.33
3546 11387.51
3547 6258.01
3548 26901.24
3549 11554.18
3550 3187.14
3551 6461.09
3552 10578.27
3553 0.00
3554 1281.62
3555 7264.17
3556 3472.03
3557 8433.73
3558 2368.52
3559 10091.99
3560 5569.90
3561 4441.84
3562 1776.14
3563 0.00
3564 7737.01
3565 2468.34
3566 1255.51
3567 1877.07
3568 19588.20
3569 3499.56
3570 14677.81
3571 5042.58
3572 1596.55
3573 10976.12
3574 6380.82
3575 2067.09
3576 5543.95
3577 12917.10
3578 13097.47
3579 1091.46
3580 1284.18
3581 3485.83
3582 3636.72
3583 10518.69
3584 1810.37
3585 0.00
3586 9047.26
3587 11934.77
3588 6343.38
3589 20256.29
3590 1523.26
3591 6001.16
3592 15190.92
3593 372.97
3594 2501.67
3595 11326.92
3596 8254.26
3597 6656.96
3598 2064.15
3599 3181.42
3600 5037.79
3601 2365.82
3602 663.56
3603 10536.27
3604 3115.07
3605 5416.36
3606 4255.34
3607 6561.03
3608 6973.67
3609 16394.54
3610 4472.17
3611 5891.14
3612 7278.77
3613 13289.35
3614 655.75
3615 16982.23
3616 9331.43
3617 13959.83
3618 3345.73
3619 5800.90
3620 0.00
3621 3679.76
3622 3219.77
3623 10345.20
3624 17824.43
3625 22776.60
3626 1806.99
3627 7267.97
3628 5116.78
3629 9539.21
3630 1314.64
3631 3685.65
3632 2495.12
3633 2782.09
3634 627.38
3635 6285.48
3636 5650.32
3637 6940.60
3638 5721.92
3639 5439.67
3640 4040.71
3641 3801.34
3642 1522.81
3643 6797.96
3644 652.17
3645 12367.27
3646 3201.88
3647 9761.95
3648 11492.09
3649 2788.76
3650 2824.68
3651 5226.95
3652 6423.59
3653 1684.38
3654 8636.67
3655 13577.35
3656 3440.56
3657 9222.42
3658 3252.36
3659 3225.91
3660 10874.29
3661 12370.79
3662 11434.00
3663 6334.79
3664 5316.20
3665 1642.16
3666 9058.98
3667 11606.63
3668 1968.99
3669 4261.64
3670 2971.85
3671 6938.61
3672 2200.23
3673 1353.63
3674 16916.20
3675 1231.05
3676 8588.64
3677 7001.58
3678 5895.30
3679 16392.96
3680 1238.79
3681 6793.15
3682 10008.77
3683 7628.18
3684 5144.44
3685 8981.74
3686 694.76
3687 7090.26
3688 1387.45
3689 3083.46
3690 7339.28
3691 6923.16
3692 18432.58
3693 3397.08
3694 4943.38
3695 3893.27
3696 7453.19
3697 2917.06
3698 8374.43
3699 496.14
3700 12868.35
3701 7609.57
3702 9966.41
3703 8948.77
3704 12994.93
3705 2696.43
3706 13006.36
3707 12253.95
3708 6081.40
3709 8690.13
3710 773.14
3711 1424.89
3712 9613.30
3713 7796.60
3714 8060.74
3715 3700.74
3716 0.00
3717 9004.18
3718 2581.21
3719 4371.31
3720 3434.41
3721 2575.88
3722 6706.72
3723 2966.03
3724 3405.46
3725 13556.17
3726 8364.75
3727 10110.55
3728 10722.16
3729 6372.31
3730 10595.75
3731 5171.59
3732 13557.67
3733 10518.95
3734 8710.69
3735 4468.70
3736 15900.33
3737 968.34
3738 3715.64
3739 7142.84
3740 1592.21
3741 17866.36
3742 5391.44
3743 5971.24
3744 5371.28
3745 10522.83
3746 11222.22
3747 5710.34
3748 1124.27
3749 3157.20
3750 539.34
3751 11347.32
3752 14835.19
3753 1971.12
3754 7556.51
3755 5530.12
3756 13230.65
3757 13793.50
3758 4259.43
3759 3478.85
3760 14256.45
3761 9922.60
3762 3305.94
3763 7476.76
3764 14306.87
3765 14398.29
3766 6378.74
3767 13180.56
3768 392.94
3769 0.00
3770 7849.00
3771 2803.95
3772 1690.27
3773 6783.52
3774 8338.23
3775 8240.30
3776 9554.74
3777 9043.51
3778 5560.93
3779 2175.22
3780 3200.12
3781 17858.68
3782 4299.22
3783 3071.69
3784 7875.98
3785 7363.77
3786 5850.64
3787 10618.28
3788 4977.35
3789 21807.07
3790 9247.43
3791 1515.17
3792 9760.81
3793 3046.57
3794 3263.70
3795 1876.86
3796 1564.69
3797 11890.20
3798 1222.39
3799 6645.97
3800 3319.49
3801 8031.45
3802 1493.60
3803 23226.30
3804 1325.53
3805 7609.07
3806 2582.62
3807 11599.67
3808 6063.89
3809 1821.01
3810 528.02
3811 9392.71
3812 5029.82
3813 1093.68
3814 637.98
3815 3175.93
3816 1816.34
3817 1364.69
3818 3311.03
3819 2609.75
3820 3923.14
3821 4293.36
3822 4252.53
3823 1447.32
3824 7945.10
3825 1299.29
3826 7647.52
3827 0.00
3828 29921.77
3829 5596.28
3830 8951.63
3831 5630.40
3832 3259.19
3833 1628.46
3834 11439.58
3835 4088.46
3836 6020.79
3837 6415.66
3838 703.98
3839 5722.80
3840 3871.10
3841 5278.47
3842 4341.59
3843 3488.34
3844 528.09
3845 2359.41
3846 19905.20
3847 18524.63
3848 11018.99
3849 7970.93
3850 1519.08
3851 1352.32
3852 1513.45
3853 10939.84
3854 3117.00
3855 5469.20
3856 0.00
3857 4788.23
3858 3787.82
3859 12835.11
3860 2345.94
3861 16377.24
3862 2360.86
3863 9665.06
3864 5528.89
3865 14699.18
3866 4965.60
3867 4666.23
3868 11090.39
3869 1685.26
3870 3228.37
3871 9008.17
3872 430.61
3873 1255.10
3874 2860.87
3875 4891.62
3876 702.61
3877 3248.57
3878 11982.03
3879 7086.19
3880 14232.98
3881 5612.18
3882 2247.91
3883 3687.92
3884 0.00
3885 8268.09
3886 23317.98
3887 1612.82
3888 9049.39
3889 6264.56
3890 7604.66
3891 3757.39
3892 1460.48
3893 14408.78
3894 2082.31
3895 4023.32
3896 1694.86
3897 2191.00
3898 11094.87
3899 6524.32
3900 3207.49
3901 5300.67
3902 2068.11
3903 12012.50
3904 581.99
3905 13029.96
3906 14142.79
3907 1734.65
3908 27631.61
3909 1545.11
3910 6626.69
3911 11875.63
3912 1722.19
3913 5339.24
3914 1999.84
3915 1819.74
3916 5718.11
3917 13075.37
3918 3145.66
3919 5647.69
3920 692.08
3921 5374.92
3922 4069.45
3923 16240.06
3924 7080.52
3925 21619.87
3926 1992.34
3927 4860.62
3928 14722.07
3929 8388.16
3930 3346.18
3931 4863.65
3932 2139.14
3933 1561.94
3934 4440.26
3935 577.71
3936 1883.98
3937 0.00
3938 15059.19
3939 0.00
3940 2057.14
3941 2710.71
3942 28681.55
3943 14005.01
3944 4239.54
3945 3616.55
3946 6456.45
3947 10062.02
3948 7004.60
3949 1052.98
3950 3923.96
3951 4237.97
3952 13457.93
3953 3469.92
3954 11089.89
3955 7951.50
3956 2231.91
3957 5587.28
3958 3389.20
3959 3187.36
3960 1125.82
3961 2639.79
3962 4858.47
3963 5145.29
3964 7396.91
3965 12887.73
3966 2790.71
3967 5136.48
3968 7669.77
3969 0.00
3970 2739.31
3971 1125.27
3972 5536.43
3973 1439.81
3974 1597.71
3975 2760.76
3976 371.83
3977 3443.15
3978 14471.30
3979 5694.53
3980 0.00
3981 636.23
3982 13373.61
3983 1515.27
3984 533.86
3985 22344.51
3986 14321.84
3987 1661.63
3988 8645.45
3989 5757.27
3990 3525.96
3991 2579.95
3992 4355.75
3993 8536.16
3994 559.43
3995 5862.37
3996 6800.73
3997 3078.98
3998 8166.48
3999 4304.78
4000 1134.63
4001 3183.57
4002 7481.41
4003 4587.02
4004 15103.18
4005 1819.41
4006 3287.07
4007 1887.95
4008 9044.97
4009 15683.77
4010 3031.30
4011 3173.08
4012 7987.76
4013 3447.13
4014 3683.04
4015 3469.13
4016 4792.12
4017 18627.05
4018 7551.66
4019 8239.88
4020 24579.63
4021 3752.32
4022 5291.37
4023 6847.61
4024 3843.16
4025 14389.50
4026 9178.46
4027 1970.03
4028 6361.30
4029 10790.72
4030 5898.26
4031 6319.61
4032 16794.15
4033 27595.48
4034 2807.36
4035 4049.18
4036 2594.59
4037 6553.43
4038 5681.72
4039 26271.13
4040 13381.05
4041 3167.02
4042 1230.48
4043 0.00
4044 4844.18
4045 1969.82
4046 7950.39
4047 3259.50
4048 3289.64
4049 2252.26
4050 4790.36
4051 9307.07
4052 9824.31
4053 1557.64
4054 3484.81
4055 7650.21
4056 12423.01
4057 5315.86
4058 2849.36
4059 2180.95
4060 2450.32
4061 9305.44
4062 6095.44
4063 7899.66
4064 2736.68
4065 7391.21
4066 399.50
4067 6228.11
4068 597.16
4069 6990.97
4070 8461.75
4071 4004.57
4072 6874.91
4073 7638.67
4074 422.08
4075 733.30
4076 695.77
4077 3100.73
4078 2945.04
4079 4510.12
4080 10304.81
4081 5071.78
4082 8420.93
4083 4659.99
4084 19576.87
4085 14694.05
4086 12013.89
4087 2499.45
4088 5302.05
4089 0.00
4090 549.09
4091 3613.53
4092 1425.03
4093 4227.24
4094 2828.26
4095 6209.44
4096 500.51
4097 11465.67
4098 8186.71
4099 1373.89
4100 3133.40
4101 1344.34
4102 2899.00
4103 6956.13
4104 5894.75
4105 4207.77
4106 4438.12
4107 9561.86
4108 4548.24
4109 3261.63
4110 1078.92
4111 9603.40
4112 2305.66
4113 944.18
4114 10385.50
4115 4484.67
4116 2793.77
4117 4891.85
4118 1659.09
4119 585.13
4120 5500.14
4121 6066.60
4122 9139.61
4123 11861.89
4124 2745.85
4125 5363.69
4126 6889.46
4127 1350.63
4128 504.60
4129 816.63
4130 559.79
4131 4995.25
4132 0.00
4133 9564.72
4134 2750.48
4135 3395.98
4136 2880.93
4137 5260.87
4138 7134.52
4139 8758.02
4140 2850.70
4141 2400.05
4142 8147.90
4143 9692.44
4144 1328.76
4145 6054.97
4146 5456.99
4147 439.42
4148 5446.32
4149 9018.14
4150 12341.05
4151 4625.24
4152 2063.52
4153 21169.33
4154 711.30
4155 419.92
4156 2717.78
4157 6030.80
4158 12218.13
4159 2070.11
4160 12941.96
4161 6599.92
4162 3415.45
4163 6631.24
4164 4335.76
4165 1474.43
4166 2722.71
4167 1382.70
4168 10024.14
4169 15318.96
4170 7034.96
4171 1624.57
4172 3426.38
4173 12586.00
4174 7839.86
4175 3365.70
4176 8299.61
4177 2818.18
4178 6485.02
4179 1570.68
4180 5812.99
4181 2689.30
4182 0.00
4183 12935.09
4184 10336.13
4185 8130.41
4186 4900.65
4187 3795.18
4188 19421.37
4189 1725.44
4190 3532.18
4191 8236.29
4192 14983.14
4193 3455.42
4194 3141.90
4195 12078.70
4196 15730.50
4197 8487.20
4198 2662.75
4199 5083.03
4200 6140.50
4201 1468.42
4202 7239.63
4203 1608.46
4204 1694.98
4205 8979.37
4206 4225.30
4207 9576.54
4208 1785.78
4209 8674.90
4210 5559.56
4211 7669.94
4212 8248.15
4213 3561.54
4214 14120.91
4215 9303.30
4216 7954.52
4217 7405.89
4218 2698.76
4219 9600.78
4220 3589.77
4221 15306.02
4222 6554.93
4223 3712.28
4224 5172.88
4225 5475.15
4226 2669.81
4227 10441.14
4228 29373.60
4229 7219.84
4230 1780.44
4231 2056.54
4232 12637.29
4233 10411.69
4234 6092.20
4235 599.80
4236 6161.53
4237 4789.78
4238 4921.14
4239 4319.26
4240 10453.29
4241 12706.58
4242 4976.20
4243 8540.88
4244 4435.73
4245 3105.38
4246 10067.60
4247 6944.43
4248 5312.88
4249 8619.05
4250 1886.81
4251 9005.38
4252 8483.50
4253 4149.45
4254 8737.92
4255 5227.51
4256 3190.11
4257 7688.75
4258 5695.90
4259 2917.45
4260 7672.92
4261 10261.59
4262 12763.58
4263 441.92
4264 0.00
4265 1335.12
4266 1895.82
4267 2958.39
4268 1644.52
4269 20121.60
4270 7647.91
4271 5509.37
4272 33087.82
4273 6324.48
4274 4089.14
4275 9329.38
4276 626.55
4277 9349.51
4278 6732.88
4279 5766.32
4280 1643.75
4281 3852.62
4282 8274.48
4283 22049.35
4284 3582.01
4285 1307.15
4286 2731.66
4287 26185.98
4288 11209.94
4289 8401.84
4290 1892.52
4291 4552.34
4292 2612.83
4293 23723.52
4294 9010.77
4295 2981.56
4296 2915.96
4297 1748.72
4298 2857.76
4299 3742.28
4300 7904.27
4301 1879.55
4302 1663.51
4303 7966.62
4304 4735.06
4305 3305.80
4306 662.13
4307 8844.14
4308 3463.43
4309 2700.78
4310 427.76
4311 9277.63
4312 5794.09
4313 2539.14
4314 19594.35
4315 902.73
4316 11054.65
4317 3065.90
4318 581.12
4319 3242.12
4320 1576.27
4321 13200.43
4322 20475.36
4323 3887.12
4324 13417.98
4325 0.00
4326 4982.90
4327 1949.14
4328 6823.11
4329 6109.56
4330 7516.03
4331 2881.12
4332 14011.41
4333 11106.07
4334 2494.24
4335 3159.79
4336 2979.88
4337 10358.25
4338 9787.07
4339 7519.15
4340 4656.12
4341 8348.35
4342 4174.37
4343 2043.87
4344 3210.95
4345 7213.66
4346 6798.47
4347 4097.79
4348 6354.22
4349 5189.58
4350 6303.24
4351 1932.09
4352 10616.83
4353 6348.48
4354 5664.53
4355 7443.20
4356 6077.34
4357 14054.29
4358 0.00
4359 9702.29
4360 6548.58
4361 14551.32
4362 2891.61
4363 5731.19
4364 787.66
4365 4413.72
4366 3205.75
4367 3150.21
4368 0.00
4369 1650.79
4370 16590.55
4371 5277.81
4372 2323.76
4373 3127.17
4374 9559.79
4375 6593.33
4376 4907.30
4377 8319.11
4378 4474.60
4379 2794.11
4380 733.26
4381 10632.18
4382 3090.14
4383 13798.39
4384 7295.99
4385 21204.21
4386 8036.50
4387 1429.44
4388 8173.24
4389 1436.98
4390 7517.74
4391 825.08
4392 3821.27
4393 9111.27
4394 8886.30
4395 8396.00
4396 2722.95
4397 10054.15
4398 5366.76
4399 2986.03
4400 3042.79
4401 4455.87
4402 2752.86
4403 1524.52
4404 5562.82
4405 6407.08
4406 8137.18
4407 5493.18
4408 1609.38
4409 6680.31
4410 14851.57
4411 4586.23
4412 589.43
4413 11144.81
4414 6834.27
4415 4959.50
4416 5662.11
4417 5778.46
4418 9123.28
4419 1213.26
4420 7437.32
4421 3906.35
4422 3080.17
4423 8206.42
4424 8549.42
4425 6577.37
4426 13684.94
4427 5960.82
4428 6637.30
4429 10584.61
4430 21697.06
4431 5614.80
4432 1430.25
4433 3310.45
4434 12512.46
4435 4938.69
4436 3681.37
4437 551.24
4438 4250.28
4439 9376.04
4440 1466.53
4441 1724.18
4442 9571.04
4443 1439.05
4444 1193.18
4445 1583.55
4446 352.54
4447 2581.70
4448 4157.37
4449 20868.32
4450 14044.09
4451 6034.10
4452 5631.38
4453 10541.74
4454 1765.61
4455 14554.52
4456 5932.42
4457 9576.97
4458 7224.18
4459 2951.65
4460 11430.41
4461 13452.80
4462 1366.46
4463 1043.87
4464 6861.45
4465 9938.04
4466 5189.64
4467 3521.61
4468 1832.51
4469 7468.90
4470 5714.92
4471 8667.99
4472 1185.90
4473 39288.69
4474 3827.71
4475 2042.21
4476 3975.85
4477 12183.54
4478 4190.27
4479 2731.28
4480 18898.53
4481 1269.37
4482 2918.50
4483 572.14
4484 4172.22
4485 5829.27
4486 1725.53
4487 4551.50
4488 2910.37
4489 399.32
4490 663.40
4491 2390.14
4492 8128.77
4493 5306.44
4494 8729.38
4495 967.59
4496 603.83
4497 6163.10
4498 2463.90
4499 8949.02
4500 9621.43
4501 10258.25
4502 4699.33
4503 4444.37
4504 9194.05
4505 0.00
4506 3873.64
4507 594.68
4508 4438.75
4509 7567.68
4510 407.95
4511 6503.80
4512 1384.56
4513 1691.28
4514 4373.72
4515 9332.98
4516 3074.07
4517 10961.42
4518 666.97
4519 7149.41
4520 475.57
4521 16910.71
4522 2030.14
4523 2622.86
4524 10493.81
4525 0.00
4526 677.82
4527 465.00
4528 4380.05
4529 560.53
4530 4232.91
4531 2413.47
4532 6200.43
4533 3379.79
4534 3780.21
4535 5705.11
4536 0.00
4537 25802.96
4538 6393.19
4539 3050.32
4540 644.08
4541 6590.89
4542 2925.38
4543 5478.14
4544 1184.31
4545 1771.06
4546 3275.77
4547 5484.87
4548 4339.08
4549 6689.13
4550 4879.84
4551 9358.73
4552 5842.61
4553 11533.66
4554 14218.66
4555 9992.20
4556 8330.54
4557 1278.12
4558 3697.25
4559 3962.72
4560 8500.51
4561 6317.40
4562 2398.78
4563 3582.34
4564 12648.70
4565 7478.06
4566 6486.42
4567 3150.37
4568 9476.15
4569 9055.23
4570 10095.36
4571 5024.14
4572 2245.25
4573 1479.48
4574 1731.94
4575 3308.79
4576 789.15
4577 20739.70
4578 9173.38
4579 1501.36
4580 1340.60
4581 5545.61
4582 3354.08
4583 3074.13
4584 4025.66
4585 4388.61
4586 8743.87
4587 11509.77
4588 5309.62
4589 697.89
4590 3780.80
4591 1720.46
4592 6639.91
4593 3205.56
4594 5853.43
4595 3123.47
4596 1894.58
4597 4820.89
4598 5595.71
4599 18921.79
4600 428.58
4601 4537.43
4602 3576.85
4603 4463.37
4604 6888.88
4605 18504.64
4606 7855.21
4607 5085.62
4608 2087.50
4609 1882.71
4610 0.00
4611 1756.02
4612 10227.93
4613 1575.84
4614 5208.98
4615 528.45
4616 571.18
4617 657.40
4618 1551.64
4619 13075.43
4620 3715.56
4621 8360.80
4622 3246.38
4623 16548.86
4624 29329.05
4625 0.00
4626 3534.73
4627 882.34
4628 3920.91
4629 7596.87
4630 1998.23
4631 3453.78
4632 0.00
4633 1578.94
4634 12022.13
4635 2784.32
4636 26889.59
4637 5632.68
4638 2554.95
4639 7768.40
4640 4680.52
4641 14115.41
4642 9081.43
4643 3776.36
4644 5848.78
4645 506.74
4646 718.79
4647 3531.67
4648 9382.22
4649 16916.40
4650 314.88
4651 6821.77
4652 1595.67
4653 1331.11
4654 14902.26
4655 2267.43
4656 461.05
4657 2719.41
4658 4561.63
4659 2953.96
4660 11489.04
4661 5151.76
4662 5018.65
4663 612.35
4664 0.00
4665 2191.94
4666 1628.59
4667 4692.81
4668 5405.13
4669 4446.25
4670 17470.67
4671 3218.02
4672 864.48
4673 1691.49
4674 490.65
4675 7435.66
4676 11100.55
4677 5258.43
4678 1359.10
4679 7411.47
4680 5927.64
4681 504.17
4682 5990.89
4683 464.64
4684 774.43
4685 2750.43
4686 1497.18
4687 15241.89
4688 1527.93
4689 1194.53
4690 5057.94
4691 10493.71
4692 5366.17
4693 6729.59
4694 11384.16
4695 9341.38
4696 2598.80
4697 17138.60
4698 6651.39
4699 1572.64
4700 4016.80
4701 436.55
4702 5159.65
4703 14926.60
4704 6461.34
4705 5607.00
4706 4483.60
4707 4457.30
4708 3524.82
4709 6877.07
4710 2478.11
4711 5363.60
4712 4689.65
4713 551.18
4714 3527.03
4715 19161.14
4716 21785.29
4717 839.07
4718 2493.01
4719 3275.73
4720 5379.85
4721 7307.56
4722 780.06
4723 1032.79
4724 2406.73
4725 2950.50
4726 4023.43
4727 3184.44
4728 1560.47
4729 808.18
4730 9797.42
4731 631.11
4732 12790.42
4733 6341.44
4734 2914.38
4735 348.38
4736 5657.11
4737 5043.23
4738 7089.25
4739 524.29
4740 9429.72
4741 5780.89
4742 17377.79
4743 492.75
4744 1419.51
4745 4418.53
4746 7316.17
4747 9858.82
4748 3214.77
4749 1280.97
4750 10050.91
4751 6107.75
4752 8576.62
4753 12041.20
4754 5907.27
4755 813.50
4756 3828.07
4757 3939.41
4758 2505.07
4759 1561.51
4760 2641.67
4761 2981.72
4762 1663.21
4763 6873.18
4764 552.70
4765 12060.75
4766 3087.06
4767 10945.97
4768 1411.54
4769 591.39
4770 7058.02
4771 7625.90
4772 14083.40
4773 3483.78
4774 2864.15
4775 4527.75
4776 2924.22
4777 9334.35
4778 6945.76
4779 3356.05
4780 563.71
4781 16883.40
4782 6824.30
4783 3039.88
4784 1714.31
4785 12456.16
4786 426.46
4787 2926.48
4788 445.74
4789 2872.39
4790 1239.99
4791 0.00
4792 19084.63
4793 9194.46
4794 1725.24
4795 4446.52
4796 3531.52
4797 6156.61
4798 12870.27
4799 2144.13
4800 3232.75
4801 14497.48
4802 6692.78
4803 0.00
4804 16271.99
4805 16445.40
4806 12376.23
4807 396.29
4808 478.80
4809 489.61
4810 6058.75
4811 12437.44
4812 403.07
4813 1566.58
4814 15877.60
4815 0.00
4816 2744.34
4817 2731.67
4818 3481.06
4819 9329.49
4820 1603.16
4821 2683.45
4822 6219.49
4823 575.36
4824 5512.38
4825 3484.65
4826 4825.61
4827 8060.92
4828 1908.01
4829 4160.94
4830 2039.81
4831 1145.51
4832 3670.52
4833 1263.19
4834 3896.50
4835 7583.15
4836 1831.11
4837 17048.56
4838 1268.31
4839 5844.08
4840 5102.82
4841 8547.78
4842 3345.10
4843 478.75
4844 4539.21
4845 6541.94
4846 4984.49
4847 2432.01
4848 13502.99
4849 625.84
4850 3795.28
4851 2623.77
4852 18577.10
4853 3126.29
4854 1790.65
4855 0.00
4856 1745.60
4857 1592.92
4858 3139.81
4859 7728.97
4860 2899.60
4861 6576.84
4862 1322.03
4863 2225.60
4864 7311.03
4865 15585.29
4866 5002.49
4867 1489.28
4868 4373.18
4869 2867.88
4870 6511.19
4871 2115.38
4872 1956.50
4873 592.28
4874 4617.73
4875 4021.26
4876 4613.88
4877 1628.09
4878 9298.73
4879 1546.33
4880 694.42
4881 12388.18
4882 9812.73
4883 589.16
4884 4373.21
4885 5051.76
4886 12717.50
4887 1166.88
4888 3853.29
4889 16353.44
4890 2515.51
4891 7997.95
4892 4892.66
4893 0.00
4894 12287.85
4895 0.00
4896 1907.69
4897 10703.87
4898 1233.16
4899 7851.34
4900 6675.38
4901 3050.81
4902 1905.21
4903 3522.92
4904 13631.90
4905 711.92
4906 5636.21
4907 2126.08
4908 1832.57
4909 716.12
4910 5106.78
4911 9095.00
4912 3736.22
4913 5044.13
4914 13350.90
4915 1297.49
4916 8035.35
4917 577.88
4918 13717.80
4919 13966.19
4920 1342.97
4921 5397.19
4922 6400.26
4923 2906.08
4924 891.93
4925 2949.61
4926 0.00
4927 5129.18
4928 6164.51
4929 4160.10
4930 5561.42
4931 12776.05
4932 2266.74
4933 9087.87
4934 654.06
4935 2512.93
4936 10918.09
4937 7027.23
4938 6766.72
4939 1244.24
4940 7128.83
4941 3788.56
4942 1535.70
4943 4234.09
4944 4088.42
4945 6702.11
4946 4440.54
4947 12633.77
4948 7071.36
4949 2481.01
4950 1612.90
4951 7656.46
4952 5536.12
4953 11338.32
4954 21727.25
4955 7854.23
4956 6586.55
4957 4846.60
4958 2555.34
4959 7989.82
4960 1990.34
4961 1881.93
4962 4768.80
4963 1668.39
4964 10854.12
4965 867.69
4966 17303.75
4967 8699.30
4968 9044.70
4969 7713.89
4970 3561.58
4971 645.51
4972 6266.01
4973 5212.36
4974 5414.99
4975 12750.64
4976 568.08
4977 1122.09
4978 10026.92
4979 12639.67
4980 10685.55
4981 9650.59
4982 12407.97
4983 0.00
4984 6985.75
4985 14534.71
4986 4661.44
4987 2039.11
4988 1862.92
4989 9502.03
4990 23727.18
4991 5783.85
4992 2339.44
4993 3732.76
4994 5441.79
4995 2529.95
4996 4619.16
4997 652.14
4998 390.70
4999 7521.40
