Number of components: 25
Vertex Component:
0	0
1	0
2	0
3	0
4	0
5	0
6	0
7	0
8	0
9	0
10	0
11	0
12	0
13	0
14	0
15	0
16	0
17	0
18	0
19	0
20	0
21	0
22	0
23	0
24	0
25	0
26	0
27	0
28	0
29	0
30	0
31	0
32	0
33	0
34	0
35	0
36	0
37	0
38	0
39	0
40	0
41	0
42	0
43	0
44	0
45	0
46	0
47	0
48	0
49	0
50	0
51	0
52	0
53	0
54	0
55	0
56	0
57	0
58	0
59	0
60	0
61	0
62	0
63	0
64	0
65	0
66	0
67	0
68	0
69	0
70	0
71	0
72	0
73	0
74	0
75	0
76	0
77	0
78	0
79	0
80	0
81	0
82	0
83	0
84	0
85	0
86	0
87	0
88	0
89	0
90	0
91	0
92	0
93	0
94	0
95	0
96	0
97	0
98	0
99	0
100	0
101	0
102	0
103	0
104	0
105	0
106	0
107	0
108	0
109	0
110	0
111	0
112	0
113	0
114	0
115	0
116	0
117	0
118	0
119	0
120	0
121	0
122	0
123	0
124	0
125	0
126	0
127	0
128	0
129	0
130	0
131	0
132	0
133	0
134	0
135	0
136	0
137	0
138	0
139	0
140	0
141	0
142	0
143	0
144	0
145	0
146	0
147	0
148	0
149	0
150	0
151	0
152	0
153	0
154	0
155	0
156	0
157	0
158	0
159	0
160	0
161	0
162	0
163	0
164	0
165	0
166	0
167	0
168	0
169	0
170	0
171	0
172	0
173	0
174	0
175	0
176	0
177	0
178	0
179	0
180	0
181	0
182	0
183	0
184	0
185	0
186	0
187	0
188	0
189	0
190	0
191	0
192	0
193	0
194	0
195	0
196	0
197	0
198	0
199	0
200	0
201	0
202	0
203	0
204	0
205	0
206	0
207	0
208	0
209	0
210	0
211	0
212	0
213	0
214	0
215	0
216	0
217	0
218	0
219	0
220	0
221	0
222	0
223	0
224	0
225	0
226	0
227	0
228	0
229	0
230	0
231	0
232	0
233	0
234	0
235	0
236	0
237	0
238	0
239	0
240	0
241	0
242	0
243	0
244	0
245	0
246	0
247	0
248	0
249	0
250	0
251	0
252	0
253	0
254	0
255	0
256	0
257	0
258	0
259	0
260	0
261	0
262	0
263	0
264	0
265	0
266	0
267	0
268	0
269	0
270	0
271	0
272	0
273	0
274	0
275	0
276	0
277	0
278	0
279	0
280	0
281	0
282	0
283	0
284	0
285	0
286	0
287	0
288	0
289	0
290	0
291	0
292	0
293	0
294	0
295	0
296	0
297	0
298	0
299	0
300	0
301	0
302	0
303	0
304	0
305	0
306	0
307	0
308	0
309	0
310	0
311	0
312	0
313	0
314	0
315	0
316	0
317	0
318	0
319	0
320	0
321	0
322	0
323	0
324	0
325	0
326	0
327	0
328	0
329	0
330	0
331	0
332	0
333	0
334	0
335	0
336	0
337	0
338	0
339	0
340	0
341	0
342	0
343	0
344	0
345	0
346	0
347	0
348	0
349	0
350	0
351	0
352	0
353	0
354	0
355	0
356	0
357	0
358	0
359	0
360	0
361	0
362	0
363	0
364	0
365	0
366	0
367	0
368	0
369	0
370	0
371	0
372	0
373	0
374	0
375	0
376	0
377	0
378	0
379	0
380	0
381	0
382	0
383	0
384	0
385	0
386	0
387	0
388	0
389	0
390	0
391	0
392	0
393	0
394	0
395	0
396	0
397	0
398	0
399	0
400	1
401	1
402	1
403	1
404	1
405	1
406	1
407	1
408	1
409	1
410	1
411	1
412	1
413	1
414	1
415	1
416	1
417	1
418	1
419	1
420	1
421	1
422	1
423	1
424	1
425	1
426	1
427	1
428	1
429	1
430	1
431	1
432	1
433	1
434	1
435	1
436	1
437	1
438	1
439	1
440	1
441	1
442	1
443	1
444	1
445	1
446	1
447	1
448	1
449	1
450	1
451	1
452	1
453	1
454	1
455	1
456	1
457	1
458	1
459	1
460	1
461	1
462	1
463	1
464	1
465	1
466	1
467	1
468	1
469	1
470	1
471	1
472	1
473	1
474	1
475	1
476	1
477	1
478	1
479	1
480	1
481	1
482	1
483	1
484	1
485	1
486	1
487	1
488	1
489	1
490	1
491	1
492	1
493	1
494	1
495	1
496	1
497	1
498	1
499	1
500	1
501	1
502	1
503	1
504	1
505	1
506	1
507	1
508	1
509	1
510	1
511	1
512	1
513	1
514	1
515	1
516	1
517	1
518	1
519	1
520	1
521	1
522	1
523	1
524	1
525	1
526	1
527	1
528	1
529	1
530	1
531	1
532	1
533	1
534	1
535	1
536	1
537	1
538	1
539	1
540	1
541	1
542	1
543	1
544	1
545	1
546	1
547	1
548	1
549	1
550	1
551	1
552	1
553	1
554	1
555	1
556	1
557	1
558	1
559	1
560	1
561	1
562	1
563	1
564	1
565	1
566	1
567	1
568	1
569	1
570	1
571	1
572	1
573	1
574	1
575	1
576	1
577	1
578	1
579	1
580	1
581	1
582	1
583	1
584	1
585	1
586	1
587	1
588	1
589	1
590	1
591	1
592	1
593	1
594	1
595	1
596	1
597	1
598	1
599	1
600	1
601	1
602	1
603	1
604	1
605	1
606	1
607	1
608	1
609	1
610	1
611	1
612	1
613	1
614	1
615	1
616	1
617	1
618	1
619	1
620	1
621	1
622	1
623	1
624	1
625	1
626	1
627	1
628	1
629	1
630	1
631	1
632	1
633	1
634	1
635	1
636	1
637	1
638	1
639	1
640	1
641	1
642	1
643	1
644	1
645	1
646	1
647	1
648	1
649	1
650	1
651	1
652	1
653	1
654	1
655	1
656	1
657	1
658	1
659	1
660	1
661	1
662	1
663	1
664	1
665	1
666	1
667	1
668	1
669	1
670	1
671	1
672	1
673	1
674	1
675	1
676	1
677	1
678	1
679	1
680	1
681	1
682	1
683	1
684	1
685	1
686	1
687	1
688	1
689	1
690	1
691	1
692	1
693	1
694	1
695	1
696	1
697	1
698	1
699	1
700	1
701	1
702	1
703	1
704	1
705	1
706	1
707	1
708	1
709	1
710	1
711	1
712	1
713	1
714	1
715	1
716	1
717	1
718	1
719	1
720	1
721	1
722	1
723	1
724	1
725	1
726	1
727	1
728	1
729	1
730	1
731	1
732	1
733	1
734	1
735	1
736	1
737	1
738	1
739	1
740	1
741	1
742	1
743	1
744	1
745	1
746	1
747	1
748	1
749	1
750	1
751	1
752	1
753	1
754	1
755	1
756	1
757	1
758	1
759	1
760	1
761	1
762	1
763	1
764	1
765	1
766	1
767	1
768	1
769	1
770	1
771	1
772	1
773	1
774	1
775	1
776	1
777	1
778	1
779	1
780	1
781	1
782	1
783	1
784	1
785	1
786	1
787	1
788	1
789	1
790	1
791	1
792	1
793	1
794	1
795	1
796	1
797	1
798	1
799	1
800	2
801	2
802	2
803	2
804	2
805	2
806	2
807	2
808	2
809	2
810	2
811	2
812	2
813	2
814	2
815	2
816	2
817	2
818	2
819	2
820	2
821	2
822	2
823	2
824	2
825	2
826	2
827	2
828	2
829	2
830	2
831	2
832	2
833	2
834	2
835	2
836	2
837	2
838	2
839	2
840	2
841	2
842	2
843	2
844	2
845	2
846	2
847	2
848	2
849	2
850	2
851	2
852	2
853	2
854	2
855	2
856	2
857	2
858	2
859	2
860	2
861	2
862	2
863	2
864	2
865	2
866	2
867	2
868	2
869	2
870	2
871	2
872	2
873	2
874	2
875	2
876	2
877	2
878	2
879	2
880	2
881	2
882	2
883	2
884	2
885	2
886	2
887	2
888	2
889	2
890	2
891	2
892	2
893	2
894	2
895	2
896	2
897	2
898	2
899	2
900	2
901	2
902	2
903	2
904	2
905	2
906	2
907	2
908	2
909	2
910	2
911	2
912	2
913	2
914	2
915	2
916	2
917	2
918	2
919	2
920	2
921	2
922	2
923	2
924	2
925	2
926	2
927	2
928	2
929	2
930	2
931	2
932	2
933	2
934	2
935	2
936	2
937	2
938	2
939	2
940	2
941	2
942	2
943	2
944	2
945	2
946	2
947	2
948	2
949	2
950	2
951	2
952	2
953	2
954	2
955	2
956	2
957	2
958	2
959	2
960	2
961	2
962	2
963	2
964	2
965	2
966	2
967	2
968	2
969	2
970	2
971	2
972	2
973	2
974	2
975	2
976	2
977	2
978	2
979	2
980	2
981	2
982	2
983	2
984	2
985	2
986	2
987	2
988	2
989	2
990	2
991	2
992	2
993	2
994	2
995	2
996	2
997	2
998	2
999	2
1000	2
1001	2
1002	2
1003	2
1004	2
1005	2
1006	2
1007	2
1008	2
1009	2
1010	2
1011	2
1012	2
1013	2
1014	2
1015	2
1016	2
1017	2
1018	2
1019	2
1020	2
1021	2
1022	2
1023	2
1024	2
1025	2
1026	2
1027	2
1028	2
1029	2
1030	2
1031	2
1032	2
1033	2
1034	2
1035	2
1036	2
1037	2
1038	2
1039	2
1040	2
1041	2
1042	2
1043	2
1044	2
1045	2
1046	2
1047	2
1048	2
1049	2
1050	2
1051	2
1052	2
1053	2
1054	2
1055	2
1056	2
1057	2
1058	2
1059	2
1060	2
1061	2
1062	2
1063	2
1064	2
1065	2
1066	2
1067	2
1068	2
1069	2
1070	2
1071	2
1072	2
1073	2
1074	2
1075	2
1076	2
1077	2
1078	2
1079	2
1080	2
1081	2
1082	2
1083	2
1084	2
1085	2
1086	2
1087	2
1088	2
1089	2
1090	2
1091	2
1092	2
1093	2
1094	2
1095	2
1096	2
1097	2
1098	2
1099	2
1100	2
1101	2
1102	2
1103	2
1104	2
1105	2
1106	2
1107	2
1108	2
1109	2
1110	2
1111	2
1112	2
1113	2
1114	2
1115	2
1116	2
1117	2
1118	2
1119	2
1120	2
1121	2
1122	2
1123	2
1124	2
1125	2
1126	2
1127	2
1128	2
1129	2
1130	2
1131	2
1132	2
1133	2
1134	2
1135	2
1136	2
1137	2
1138	2
1139	2
1140	2
1141	2
1142	2
1143	2
1144	2
1145	2
1146	2
1147	2
1148	2
1149	2
1150	2
1151	2
1152	2
1153	2
1154	2
1155	2
1156	2
1157	2
1158	2
1159	2
1160	2
1161	2
1162	2
1163	2
1164	2
1165	2
1166	2
1167	2
1168	2
1169	2
1170	2
1171	2
1172	2
1173	2
1174	2
1175	2
1176	2
1177	2
1178	2
1179	2
1180	2
1181	2
1182	2
1183	2
1184	2
1185	2
1186	2
1187	2
1188	2
1189	2
1190	2
1191	2
1192	2
1193	2
1194	2
1195	2
1196	2
1197	2
1198	2
1199	2
1200	3
1201	3
1202	3
1203	3
1204	3
1205	3
1206	3
1207	3
1208	3
1209	3
1210	3
1211	3
1212	3
1213	3
1214	3
1215	3
1216	3
1217	3
1218	3
1219	3
1220	3
1221	3
1222	3
1223	3
1224	3
1225	3
1226	3
1227	3
1228	3
1229	3
1230	3
1231	3
1232	3
1233	3
1234	3
1235	3
1236	3
1237	3
1238	3
1239	3
1240	3
1241	3
1242	3
1243	3
1244	3
1245	3
1246	3
1247	3
1248	3
1249	3
1250	3
1251	3
1252	3
1253	3
1254	3
1255	3
1256	3
1257	3
1258	3
1259	3
1260	3
1261	3
1262	3
1263	3
1264	3
1265	3
1266	3
1267	3
1268	3
1269	3
1270	3
1271	3
1272	3
1273	3
1274	3
1275	3
1276	3
1277	3
1278	3
1279	3
1280	3
1281	3
1282	3
1283	3
1284	3
1285	3
1286	3
1287	3
1288	3
1289	3
1290	3
1291	3
1292	3
1293	3
1294	3
1295	3
1296	3
1297	3
1298	3
1299	3
1300	3
1301	3
1302	3
1303	3
1304	3
1305	3
1306	3
1307	3
1308	3
1309	3
1310	3
1311	3
1312	3
1313	3
1314	3
1315	3
1316	3
1317	3
1318	3
1319	3
1320	3
1321	3
1322	3
1323	3
1324	3
1325	3
1326	3
1327	3
1328	3
1329	3
1330	3
1331	3
1332	3
1333	3
1334	3
1335	3
1336	3
1337	3
1338	3
1339	3
1340	3
1341	3
1342	3
1343	3
1344	3
1345	3
1346	3
1347	3
1348	3
1349	3
1350	3
1351	3
1352	3
1353	3
1354	3
1355	3
1356	3
1357	3
1358	3
1359	3
1360	3
1361	3
1362	3
1363	3
1364	3
1365	3
1366	3
1367	3
1368	3
1369	3
1370	3
1371	3
1372	3
1373	3
1374	3
1375	3
1376	3
1377	3
1378	3
1379	3
1380	3
1381	3
1382	3
1383	3
1384	3
1385	3
1386	3
1387	3
1388	3
1389	3
1390	3
1391	3
1392	3
1393	3
1394	3
1395	3
1396	3
1397	3
1398	3
1399	3
1400	3
1401	3
1402	3
1403	3
1404	3
1405	3
1406	3
1407	3
1408	3
1409	3
1410	3
1411	3
1412	3
1413	3
1414	3
1415	3
1416	3
1417	3
1418	3
1419	3
1420	3
1421	3
1422	3
1423	3
1424	3
1425	3
1426	3
1427	3
1428	3
1429	3
1430	3
1431	3
1432	3
1433	3
1434	3
1435	3
1436	3
1437	3
1438	3
1439	3
1440	3
1441	3
1442	3
1443	3
1444	3
1445	3
1446	3
1447	3
1448	3
1449	3
1450	3
1451	3
1452	3
1453	3
1454	3
1455	3
1456	3
1457	3
1458	3
1459	3
1460	3
1461	3
1462	3
1463	3
1464	3
1465	3
1466	3
1467	3
1468	3
1469	3
1470	3
1471	3
1472	3
1473	3
1474	3
1475	3
1476	3
1477	3
1478	3
1479	3
1480	3
1481	3
1482	3
1483	3
1484	3
1485	3
1486	3
1487	3
1488	3
1489	3
1490	3
1491	3
1492	3
1493	3
1494	3
1495	3
1496	3
1497	3
1498	3
1499	3
1500	3
1501	3
1502	3
1503	3
1504	3
1505	3
1506	3
1507	3
1508	3
1509	3
1510	3
1511	3
1512	3
1513	3
1514	3
1515	3
1516	3
1517	3
1518	3
1519	3
1520	3
1521	3
1522	3
1523	3
1524	3
1525	3
1526	3
1527	3
1528	3
1529	3
1530	3
1531	3
1532	3
1533	3
1534	3
1535	3
1536	3
1537	3
1538	3
1539	3
1540	3
1541	3
1542	3
1543	3
1544	3
1545	3
1546	3
1547	3
1548	3
1549	3
1550	3
1551	3
1552	3
1553	3
1554	3
1555	3
1556	3
1557	3
1558	3
1559	3
1560	3
1561	3
1562	3
1563	3
1564	3
1565	3
1566	3
1567	3
1568	3
1569	3
1570	3
1571	3
1572	3
1573	3
1574	3
1575	3
1576	3
1577	3
1578	3
1579	3
1580	3
1581	3
1582	3
1583	3
1584	3
1585	3
1586	3
1587	3
1588	3
1589	3
1590	3
1591	3
1592	3
1593	3
1594	3
1595	3
1596	3
1597	3
1598	3
1599	3
1600	4
1601	4
1602	4
1603	4
1604	4
1605	4
1606	4
1607	4
1608	4
1609	4
1610	4
1611	4
1612	4
1613	4
1614	4
1615	4
1616	4
1617	4
1618	4
1619	4
1620	4
1621	4
1622	4
1623	4
1624	4
1625	4
1626	4
1627	4
1628	4
1629	4
1630	4
1631	4
1632	4
1633	4
1634	4
1635	4
1636	4
1637	4
1638	4
1639	4
1640	4
1641	4
1642	4
1643	4
1644	4
1645	4
1646	4
1647	4
1648	4
1649	4
1650	4
1651	4
1652	4
1653	4
1654	4
1655	4
1656	4
1657	4
1658	4
1659	4
1660	4
1661	4
1662	4
1663	4
1664	4
1665	4
1666	4
1667	4
1668	4
1669	4
1670	4
1671	4
1672	4
1673	4
1674	4
1675	4
1676	4
1677	4
1678	4
1679	4
1680	4
1681	4
1682	4
1683	4
1684	4
1685	4
1686	4
1687	4
1688	4
1689	4
1690	4
1691	4
1692	4
1693	4
1694	4
1695	4
1696	4
1697	4
1698	4
1699	4
1700	4
1701	4
1702	4
1703	4
1704	4
1705	4
1706	4
1707	4
1708	4
1709	4
1710	4
1711	4
1712	4
1713	4
1714	4
1715	4
1716	4
1717	4
1718	4
1719	4
1720	4
1721	4
1722	4
1723	4
1724	4
1725	4
1726	4
1727	4
1728	4
1729	4
1730	4
1731	4
1732	4
1733	4
1734	4
1735	4
1736	4
1737	4
1738	4
1739	4
1740	4
1741	4
1742	4
1743	4
1744	4
1745	4
1746	4
1747	4
1748	4
1749	4
1750	4
1751	4
1752	4
1753	4
1754	4
1755	4
1756	4
1757	4
1758	4
1759	4
1760	4
1761	4
1762	4
1763	4
1764	4
1765	4
1766	4
1767	4
1768	4
1769	4
1770	4
1771	4
1772	4
1773	4
1774	4
1775	4
1776	4
1777	4
1778	4
1779	4
1780	4
1781	4
1782	4
1783	4
1784	4
1785	4
1786	4
1787	4
1788	4
1789	4
1790	4
1791	4
1792	4
1793	4
1794	4
1795	4
1796	4
1797	4
1798	4
1799	4
1800	4
1801	4
1802	4
1803	4
1804	4
1805	4
1806	4
1807	4
1808	4
1809	4
1810	4
1811	4
1812	4
1813	4
1814	4
1815	4
1816	4
1817	4
1818	4
1819	4
1820	4
1821	4
1822	4
1823	4
1824	4
1825	4
1826	4
1827	4
1828	4
1829	4
1830	4
1831	4
1832	4
1833	4
1834	4
1835	4
1836	4
1837	4
1838	4
1839	4
1840	4
1841	4
1842	4
1843	4
1844	4
1845	4
1846	4
1847	4
1848	4
1849	4
1850	4
1851	4
1852	4
1853	4
1854	4
1855	4
1856	4
1857	4
1858	4
1859	4
1860	4
1861	4
1862	4
1863	4
1864	4
1865	4
1866	4
1867	4
1868	4
1869	4
1870	4
1871	4
1872	4
1873	4
1874	4
1875	4
1876	4
1877	4
1878	4
1879	4
1880	4
1881	4
1882	4
1883	4
1884	4
1885	4
1886	4
1887	4
1888	4
1889	4
1890	4
1891	4
1892	4
1893	4
1894	4
1895	4
1896	4
1897	4
1898	4
1899	4
1900	4
1901	4
1902	4
1903	4
1904	4
1905	4
1906	4
1907	4
1908	4
1909	4
1910	4
1911	4
1912	4
1913	4
1914	4
1915	4
1916	4
1917	4
1918	4
1919	4
1920	4
1921	4
1922	4
1923	4
1924	4
1925	4
1926	4
1927	4
1928	4
1929	4
1930	4
1931	4
1932	4
1933	4
1934	4
1935	4
1936	4
1937	4
1938	4
1939	4
1940	4
1941	4
1942	4
1943	4
1944	4
1945	4
1946	4
1947	4
1948	4
1949	4
1950	4
1951	4
1952	4
1953	4
1954	4
1955	4
1956	4
1957	4
1958	4
1959	4
1960	4
1961	4
1962	4
1963	4
1964	4
1965	4
1966	4
1967	4
1968	4
1969	4
1970	4
1971	4
1972	4
1973	4
1974	4
1975	4
1976	4
1977	4
1978	4
1979	4
1980	4
1981	4
1982	4
1983	4
1984	4
1985	4
1986	4
1987	4
1988	4
1989	4
1990	4
1991	4
1992	4
1993	4
1994	4
1995	4
1996	4
1997	4
1998	4
1999	4
2000	5
2001	5
2002	5
2003	5
2004	5
2005	5
2006	5
2007	5
2008	5
2009	5
2010	5
2011	5
2012	5
2013	5
2014	5
2015	5
2016	5
2017	5
2018	5
2019	5
2020	5
2021	5
2022	5
2023	5
2024	5
2025	5
2026	5
2027	5
2028	5
2029	5
2030	5
2031	5
2032	5
2033	5
2034	5
2035	5
2036	5
2037	5
2038	5
2039	5
2040	5
2041	5
2042	5
2043	5
2044	5
2045	5
2046	5
2047	5
2048	5
2049	5
2050	5
2051	5
2052	5
2053	5
2054	5
2055	5
2056	5
2057	5
2058	5
2059	5
2060	5
2061	5
2062	5
2063	5
2064	5
2065	5
2066	5
2067	5
2068	5
2069	5
2070	5
2071	5
2072	5
2073	5
2074	5
2075	5
2076	5
2077	5
2078	5
2079	5
2080	5
2081	5
2082	5
2083	5
2084	5
2085	5
2086	5
2087	5
2088	5
2089	5
2090	5
2091	5
2092	5
2093	5
2094	5
2095	5
2096	5
2097	5
2098	5
2099	5
2100	5
2101	5
2102	5
2103	5
2104	5
2105	5
2106	5
2107	5
2108	5
2109	5
2110	5
2111	5
2112	5
2113	5
2114	5
2115	5
2116	5
2117	5
2118	5
2119	5
2120	5
2121	5
2122	5
2123	5
2124	5
2125	5
2126	5
2127	5
2128	5
2129	5
2130	5
2131	5
2132	5
2133	5
2134	5
2135	5
2136	5
2137	5
2138	5
2139	5
2140	5
2141	5
2142	5
2143	5
2144	5
2145	5
2146	5
2147	5
2148	5
2149	5
2150	5
2151	5
2152	5
2153	5
2154	5
2155	5
2156	5
2157	5
2158	5
2159	5
2160	5
2161	5
2162	5
2163	5
2164	5
2165	5
2166	5
2167	5
2168	5
2169	5
2170	5
2171	5
2172	5
2173	5
2174	5
2175	5
2176	5
2177	5
2178	5
2179	5
2180	5
2181	5
2182	5
2183	5
2184	5
2185	5
2186	5
2187	5
2188	5
2189	5
2190	5
2191	5
2192	5
2193	5
2194	5
2195	5
2196	5
2197	5
2198	5
2199	5
2200	5
2201	5
2202	5
2203	5
2204	5
2205	5
2206	5
2207	5
2208	5
2209	5
2210	5
2211	5
2212	5
2213	5
2214	5
2215	5
2216	5
2217	5
2218	5
2219	5
2220	5
2221	5
2222	5
2223	5
2224	5
2225	5
2226	5
2227	5
2228	5
2229	5
2230	5
2231	5
2232	5
2233	5
2234	5
2235	5
2236	5
2237	5
2238	5
2239	5
2240	5
2241	5
2242	5
2243	5
2244	5
2245	5
2246	5
2247	5
2248	5
2249	5
2250	5
2251	5
2252	5
2253	5
2254	5
2255	5
2256	5
2257	5
2258	5
2259	5
2260	5
2261	5
2262	5
2263	5
2264	5
2265	5
2266	5
2267	5
2268	5
2269	5
2270	5
2271	5
2272	5
2273	5
2274	5
2275	5
2276	5
2277	5
2278	5
2279	5
2280	5
2281	5
2282	5
2283	5
2284	5
2285	5
2286	5
2287	5
2288	5
2289	5
2290	5
2291	5
2292	5
2293	5
2294	5
2295	5
2296	5
2297	5
2298	5
2299	5
2300	5
2301	5
2302	5
2303	5
2304	5
2305	5
2306	5
2307	5
2308	5
2309	5
2310	5
2311	5
2312	5
2313	5
2314	5
2315	5
2316	5
2317	5
2318	5
2319	5
2320	5
2321	5
2322	5
2323	5
2324	5
2325	5
2326	5
2327	5
2328	5
2329	5
2330	5
2331	5
2332	5
2333	5
2334	5
2335	5
2336	5
2337	5
2338	5
2339	5
2340	5
2341	5
2342	5
2343	5
2344	5
2345	5
2346	5
2347	5
2348	5
2349	5
2350	5
2351	5
2352	5
2353	5
2354	5
2355	5
2356	5
2357	5
2358	5
2359	5
2360	5
2361	5
2362	5
2363	5
2364	5
2365	5
2366	5
2367	5
2368	5
2369	5
2370	5
2371	5
2372	5
2373	5
2374	5
2375	5
2376	5
2377	5
2378	5
2379	5
2380	5
2381	5
2382	5
2383	5
2384	5
2385	5
2386	5
2387	5
2388	5
2389	5
2390	5
2391	5
2392	5
2393	5
2394	5
2395	5
2396	5
2397	5
2398	5
2399	5
2400	6
2401	6
2402	6
2403	6
2404	6
2405	6
2406	6
2407	6
2408	6
2409	6
2410	6
2411	6
2412	6
2413	6
2414	6
2415	6
2416	6
2417	6
2418	6
2419	6
2420	6
2421	6
2422	6
2423	6
2424	6
2425	6
2426	6
2427	6
2428	6
2429	6
2430	6
2431	6
2432	6
2433	6
2434	6
2435	6
2436	6
2437	6
2438	6
2439	6
2440	6
2441	6
2442	6
2443	6
2444	6
2445	6
2446	6
2447	6
2448	6
2449	6
2450	6
2451	6
2452	6
2453	6
2454	6
2455	6
2456	6
2457	6
2458	6
2459	6
2460	6
2461	6
2462	6
2463	6
2464	6
2465	6
2466	6
2467	6
2468	6
2469	6
2470	6
2471	6
2472	6
2473	6
2474	6
2475	6
2476	6
2477	6
2478	6
2479	6
2480	6
2481	6
2482	6
2483	6
2484	6
2485	6
2486	6
2487	6
2488	6
2489	6
2490	6
2491	6
2492	6
2493	6
2494	6
2495	6
2496	6
2497	6
2498	6
2499	6
2500	6
2501	6
2502	6
2503	6
2504	6
2505	6
2506	6
2507	6
2508	6
2509	6
2510	6
2511	6
2512	6
2513	6
2514	6
2515	6
2516	6
2517	6
2518	6
2519	6
2520	6
2521	6
2522	6
2523	6
2524	6
2525	6
2526	6
2527	6
2528	6
2529	6
2530	6
2531	6
2532	6
2533	6
2534	6
2535	6
2536	6
2537	6
2538	6
2539	6
2540	6
2541	6
2542	6
2543	6
2544	6
2545	6
2546	6
2547	6
2548	6
2549	6
2550	6
2551	6
2552	6
2553	6
2554	6
2555	6
2556	6
2557	6
2558	6
2559	6
2560	6
2561	6
2562	6
2563	6
2564	6
2565	6
2566	6
2567	6
2568	6
2569	6
2570	6
2571	6
2572	6
2573	6
2574	6
2575	6
2576	6
2577	6
2578	6
2579	6
2580	6
2581	6
2582	6
2583	6
2584	6
2585	6
2586	6
2587	6
2588	6
2589	6
2590	6
2591	6
2592	6
2593	6
2594	6
2595	6
2596	6
2597	6
2598	6
2599	6
2600	6
2601	6
2602	6
2603	6
2604	6
2605	6
2606	6
2607	6
2608	6
2609	6
2610	6
2611	6
2612	6
2613	6
2614	6
2615	6
2616	6
2617	6
2618	6
2619	6
2620	6
2621	6
2622	6
2623	6
2624	6
2625	6
2626	6
2627	6
2628	6
2629	6
2630	6
2631	6
2632	6
2633	6
2634	6
2635	6
2636	6
2637	6
2638	6
2639	6
2640	6
2641	6
2642	6
2643	6
2644	6
2645	6
2646	6
2647	6
2648	6
2649	6
2650	6
2651	6
2652	6
2653	6
2654	6
2655	6
2656	6
2657	6
2658	6
2659	6
2660	6
2661	6
2662	6
2663	6
2664	6
2665	6
2666	6
2667	6
2668	6
2669	6
2670	6
2671	6
2672	6
2673	6
2674	6
2675	6
2676	6
2677	6
2678	6
2679	6
2680	6
2681	6
2682	6
2683	6
2684	6
2685	6
2686	6
2687	6
2688	6
2689	6
2690	6
2691	6
2692	6
2693	6
2694	6
2695	6
2696	6
2697	6
2698	6
2699	6
2700	6
2701	6
2702	6
2703	6
2704	6
2705	6
2706	6
2707	6
2708	6
2709	6
2710	6
2711	6
2712	6
2713	6
2714	6
2715	6
2716	6
2717	6
2718	6
2719	6
2720	6
2721	6
2722	6
2723	6
2724	6
2725	6
2726	6
2727	6
2728	6
2729	6
2730	6
2731	6
2732	6
2733	6
2734	6
2735	6
2736	6
2737	6
2738	6
2739	6
2740	6
2741	6
2742	6
2743	6
2744	6
2745	6
2746	6
2747	6
2748	6
2749	6
2750	6
2751	6
2752	6
2753	6
2754	6
2755	6
2756	6
2757	6
2758	6
2759	6
2760	6
2761	6
2762	6
2763	6
2764	6
2765	6
2766	6
2767	6
2768	6
2769	6
2770	6
2771	6
2772	6
2773	6
2774	6
2775	6
2776	6
2777	6
2778	6
2779	6
2780	6
2781	6
2782	6
2783	6
2784	6
2785	6
2786	6
2787	6
2788	6
2789	6
2790	6
2791	6
2792	6
2793	6
2794	6
2795	6
2796	6
2797	6
2798	6
2799	6
2800	7
2801	7
2802	7
2803	7
2804	7
2805	7
2806	7
2807	7
2808	7
2809	7
2810	7
2811	7
2812	7
2813	7
2814	7
2815	7
2816	7
2817	7
2818	7
2819	7
2820	7
2821	7
2822	7
2823	7
2824	7
2825	7
2826	7
2827	7
2828	7
2829	7
2830	7
2831	7
2832	7
2833	7
2834	7
2835	7
2836	7
2837	7
2838	7
2839	7
2840	7
2841	7
2842	7
2843	7
2844	7
2845	7
2846	7
2847	7
2848	7
2849	7
2850	7
2851	7
2852	7
2853	7
2854	7
2855	7
2856	7
2857	7
2858	7
2859	7
2860	7
2861	7
2862	7
2863	7
2864	7
2865	7
2866	7
2867	7
2868	7
2869	7
2870	7
2871	7
2872	7
2873	7
2874	7
2875	7
2876	7
2877	7
2878	7
2879	7
2880	7
2881	7
2882	7
2883	7
2884	7
2885	7
2886	7
2887	7
2888	7
2889	7
2890	7
2891	7
2892	7
2893	7
2894	7
2895	7
2896	7
2897	7
2898	7
2899	7
2900	7
2901	7
2902	7
2903	7
2904	7
2905	7
2906	7
2907	7
2908	7
2909	7
2910	7
2911	7
2912	7
2913	7
2914	7
2915	7
2916	7
2917	7
2918	7
2919	7
2920	7
2921	7
2922	7
2923	7
2924	7
2925	7
2926	7
2927	7
2928	7
2929	7
2930	7
2931	7
2932	7
2933	7
2934	7
2935	7
2936	7
2937	7
2938	7
2939	7
2940	7
2941	7
2942	7
2943	7
2944	7
2945	7
2946	7
2947	7
2948	7
2949	7
2950	7
2951	7
2952	7
2953	7
2954	7
2955	7
2956	7
2957	7
2958	7
2959	7
2960	7
2961	7
2962	7
2963	7
2964	7
2965	7
2966	7
2967	7
2968	7
2969	7
2970	7
2971	7
2972	7
2973	7
2974	7
2975	7
2976	7
2977	7
2978	7
2979	7
2980	7
2981	7
2982	7
2983	7
2984	7
2985	7
2986	7
2987	7
2988	7
2989	7
2990	7
2991	7
2992	7
2993	7
2994	7
2995	7
2996	7
2997	7
2998	7
2999	7
3000	7
3001	7
3002	7
3003	7
3004	7
3005	7
3006	7
3007	7
3008	7
3009	7
3010	7
3011	7
3012	7
3013	7
3014	7
3015	7
3016	7
3017	7
3018	7
3019	7
3020	7
3021	7
3022	7
3023	7
3024	7
3025	7
3026	7
3027	7
3028	7
3029	7
3030	7
3031	7
3032	7
3033	7
3034	7
3035	7
3036	7
3037	7
3038	7
3039	7
3040	7
3041	7
3042	7
3043	7
3044	7
3045	7
3046	7
3047	7
3048	7
3049	7
3050	7
3051	7
3052	7
3053	7
3054	7
3055	7
3056	7
3057	7
3058	7
3059	7
3060	7
3061	7
3062	7
3063	7
3064	7
3065	7
3066	7
3067	7
3068	7
3069	7
3070	7
3071	7
3072	7
3073	7
3074	7
3075	7
3076	7
3077	7
3078	7
3079	7
3080	7
3081	7
3082	7
3083	7
3084	7
3085	7
3086	7
3087	7
3088	7
3089	7
3090	7
3091	7
3092	7
3093	7
3094	7
3095	7
3096	7
3097	7
3098	7
3099	7
3100	7
3101	7
3102	7
3103	7
3104	7
3105	7
3106	7
3107	7
3108	7
3109	7
3110	7
3111	7
3112	7
3113	7
3114	7
3115	7
3116	7
3117	7
3118	7
3119	7
3120	7
3121	7
3122	7
3123	7
3124	7
3125	7
3126	7
3127	7
3128	7
3129	7
3130	7
3131	7
3132	7
3133	7
3134	7
3135	7
3136	7
3137	7
3138	7
3139	7
3140	7
3141	7
3142	7
3143	7
3144	7
3145	7
3146	7
3147	7
3148	7
3149	7
3150	7
3151	7
3152	7
3153	7
3154	7
3155	7
3156	7
3157	7
3158	7
3159	7
3160	7
3161	7
3162	7
3163	7
3164	7
3165	7
3166	7
3167	7
3168	7
3169	7
3170	7
3171	7
3172	7
3173	7
3174	7
3175	7
3176	7
3177	7
3178	7
3179	7
3180	7
3181	7
3182	7
3183	7
3184	7
3185	7
3186	7
3187	7
3188	7
3189	7
3190	7
3191	7
3192	7
3193	7
3194	7
3195	7
3196	7
3197	7
3198	7
3199	7
3200	8
3201	8
3202	8
3203	8
3204	8
3205	8
3206	8
3207	8
3208	8
3209	8
3210	8
3211	8
3212	8
3213	8
3214	8
3215	8
3216	8
3217	8
3218	8
3219	8
3220	8
3221	8
3222	8
3223	8
3224	8
3225	8
3226	8
3227	8
3228	8
3229	8
3230	8
3231	8
3232	8
3233	8
3234	8
3235	8
3236	8
3237	8
3238	8
3239	8
3240	8
3241	8
3242	8
3243	8
3244	8
3245	8
3246	8
3247	8
3248	8
3249	8
3250	8
3251	8
3252	8
3253	8
3254	8
3255	8
3256	8
3257	8
3258	8
3259	8
3260	8
3261	8
3262	8
3263	8
3264	8
3265	8
3266	8
3267	8
3268	8
3269	8
3270	8
3271	8
3272	8
3273	8
3274	8
3275	8
3276	8
3277	8
3278	8
3279	8
3280	8
3281	8
3282	8
3283	8
3284	8
3285	8
3286	8
3287	8
3288	8
3289	8
3290	8
3291	8
3292	8
3293	8
3294	8
3295	8
3296	8
3297	8
3298	8
3299	8
3300	8
3301	8
3302	8
3303	8
3304	8
3305	8
3306	8
3307	8
3308	8
3309	8
3310	8
3311	8
3312	8
3313	8
3314	8
3315	8
3316	8
3317	8
3318	8
3319	8
3320	8
3321	8
3322	8
3323	8
3324	8
3325	8
3326	8
3327	8
3328	8
3329	8
3330	8
3331	8
3332	8
3333	8
3334	8
3335	8
3336	8
3337	8
3338	8
3339	8
3340	8
3341	8
3342	8
3343	8
3344	8
3345	8
3346	8
3347	8
3348	8
3349	8
3350	8
3351	8
3352	8
3353	8
3354	8
3355	8
3356	8
3357	8
3358	8
3359	8
3360	8
3361	8
3362	8
3363	8
3364	8
3365	8
3366	8
3367	8
3368	8
3369	8
3370	8
3371	8
3372	8
3373	8
3374	8
3375	8
3376	8
3377	8
3378	8
3379	8
3380	8
3381	8
3382	8
3383	8
3384	8
3385	8
3386	8
3387	8
3388	8
3389	8
3390	8
3391	8
3392	8
3393	8
3394	8
3395	8
3396	8
3397	8
3398	8
3399	8
3400	8
3401	8
3402	8
3403	8
3404	8
3405	8
3406	8
3407	8
3408	8
3409	8
3410	8
3411	8
3412	8
3413	8
3414	8
3415	8
3416	8
3417	8
3418	8
3419	8
3420	8
3421	8
3422	8
3423	8
3424	8
3425	8
3426	8
3427	8
3428	8
3429	8
3430	8
3431	8
3432	8
3433	8
3434	8
3435	8
3436	8
3437	8
3438	8
3439	8
3440	8
3441	8
3442	8
3443	8
3444	8
3445	8
3446	8
3447	8
3448	8
3449	8
3450	8
3451	8
3452	8
3453	8
3454	8
3455	8
3456	8
3457	8
3458	8
3459	8
3460	8
3461	8
3462	8
3463	8
3464	8
3465	8
3466	8
3467	8
3468	8
3469	8
3470	8
3471	8
3472	8
3473	8
3474	8
3475	8
3476	8
3477	8
3478	8
3479	8
3480	8
3481	8
3482	8
3483	8
3484	8
3485	8
3486	8
3487	8
3488	8
3489	8
3490	8
3491	8
3492	8
3493	8
3494	8
3495	8
3496	8
3497	8
3498	8
3499	8
3500	8
3501	8
3502	8
3503	8
3504	8
3505	8
3506	8
3507	8
3508	8
3509	8
3510	8
3511	8
3512	8
3513	8
3514	8
3515	8
3516	8
3517	8
3518	8
3519	8
3520	8
3521	8
3522	8
3523	8
3524	8
3525	8
3526	8
3527	8
3528	8
3529	8
3530	8
3531	8
3532	8
3533	8
3534	8
3535	8
3536	8
3537	8
3538	8
3539	8
3540	8
3541	8
3542	8
3543	8
3544	8
3545	8
3546	8
3547	8
3548	8
3549	8
3550	8
3551	8
3552	8
3553	8
3554	8
3555	8
3556	8
3557	8
3558	8
3559	8
3560	8
3561	8
3562	8
3563	8
3564	8
3565	8
3566	8
3567	8
3568	8
3569	8
3570	8
3571	8
3572	8
3573	8
3574	8
3575	8
3576	8
3577	8
3578	8
3579	8
3580	8
3581	8
3582	8
3583	8
3584	8
3585	8
3586	8
3587	8
3588	8
3589	8
3590	8
3591	8
3592	8
3593	8
3594	8
3595	8
3596	8
3597	8
3598	8
3599	8
3600	9
3601	9
3602	9
3603	9
3604	9
3605	9
3606	9
3607	9
3608	9
3609	9
3610	9
3611	9
3612	9
3613	9
3614	9
3615	9
3616	9
3617	9
3618	9
3619	9
3620	9
3621	9
3622	9
3623	9
3624	9
3625	9
3626	9
3627	9
3628	9
3629	9
3630	9
3631	9
3632	9
3633	9
3634	9
3635	9
3636	9
3637	9
3638	9
3639	9
3640	9
3641	9
3642	9
3643	9
3644	9
3645	9
3646	9
3647	9
3648	9
3649	9
3650	9
3651	9
3652	9
3653	9
3654	9
3655	9
3656	9
3657	9
3658	9
3659	9
3660	9
3661	9
3662	9
3663	9
3664	9
3665	9
3666	9
3667	9
3668	9
3669	9
3670	9
3671	9
3672	9
3673	9
3674	9
3675	9
3676	9
3677	9
3678	9
3679	9
3680	9
3681	9
3682	9
3683	9
3684	9
3685	9
3686	9
3687	9
3688	9
3689	9
3690	9
3691	9
3692	9
3693	9
3694	9
3695	9
3696	9
3697	9
3698	9
3699	9
3700	9
3701	9
3702	9
3703	9
3704	9
3705	9
3706	9
3707	9
3708	9
3709	9
3710	9
3711	9
3712	9
3713	9
3714	9
3715	9
3716	9
3717	9
3718	9
3719	9
3720	9
3721	9
3722	9
3723	9
3724	9
3725	9
3726	9
3727	9
3728	9
3729	9
3730	9
3731	9
3732	9
3733	9
3734	9
3735	9
3736	9
3737	9
3738	9
3739	9
3740	9
3741	9
3742	9
3743	9
3744	9
3745	9
3746	9
3747	9
3748	9
3749	9
3750	9
3751	9
3752	9
3753	9
3754	9
3755	9
3756	9
3757	9
3758	9
3759	9
3760	9
3761	9
3762	9
3763	9
3764	9
3765	9
3766	9
3767	9
3768	9
3769	9
3770	9
3771	9
3772	9
3773	9
3774	9
3775	9
3776	9
3777	9
3778	9
3779	9
3780	9
3781	9
3782	9
3783	9
3784	9
3785	9
3786	9
3787	9
3788	9
3789	9
3790	9
3791	9
3792	9
3793	9
3794	9
3795	9
3796	9
3797	9
3798	9
3799	9
3800	9
3801	9
3802	9
3803	9
3804	9
3805	9
3806	9
3807	9
3808	9
3809	9
3810	9
3811	9
3812	9
3813	9
3814	9
3815	9
3816	9
3817	9
3818	9
3819	9
3820	9
3821	9
3822	9
3823	9
3824	9
3825	9
3826	9
3827	9
3828	9
3829	9
3830	9
3831	9
3832	9
3833	9
3834	9
3835	9
3836	9
3837	9
3838	9
3839	9
3840	9
3841	9
3842	9
3843	9
3844	9
3845	9
3846	9
3847	9
3848	9
3849	9
3850	9
3851	9
3852	9
3853	9
3854	9
3855	9
3856	9
3857	9
3858	9
3859	9
3860	9
3861	9
3862	9
3863	9
3864	9
3865	9
3866	9
3867	9
3868	9
3869	9
3870	9
3871	9
3872	9
3873	9
3874	9
3875	9
3876	9
3877	9
3878	9
3879	9
3880	9
3881	9
3882	9
3883	9
3884	9
3885	9
3886	9
3887	9
3888	9
3889	9
3890	9
3891	9
3892	9
3893	9
3894	9
3895	9
3896	9
3897	9
3898	9
3899	9
3900	9
3901	9
3902	9
3903	9
3904	9
3905	9
3906	9
3907	9
3908	9
3909	9
3910	9
3911	9
3912	9
3913	9
3914	9
3915	9
3916	9
3917	9
3918	9
3919	9
3920	9
3921	9
3922	9
3923	9
3924	9
3925	9
3926	9
3927	9
3928	9
3929	9
3930	9
3931	9
3932	9
3933	9
3934	9
3935	9
3936	9
3937	9
3938	9
3939	9
3940	9
3941	9
3942	9
3943	9
3944	9
3945	9
3946	9
3947	9
3948	9
3949	9
3950	9
3951	9
3952	9
3953	9
3954	9
3955	9
3956	9
3957	9
3958	9
3959	9
3960	9
3961	9
3962	9
3963	9
3964	9
3965	9
3966	9
3967	9
3968	9
3969	9
3970	9
3971	9
3972	9
3973	9
3974	9
3975	9
3976	9
3977	9
3978	9
3979	9
3980	9
3981	9
3982	9
3983	9
3984	9
3985	9
3986	9
3987	9
3988	9
3989	9
3990	9
3991	9
3992	9
3993	9
3994	9
3995	9
3996	9
3997	9
3998	9
3999	9
4000	10
4001	10
4002	10
4003	10
4004	10
4005	10
4006	10
4007	10
4008	10
4009	10
4010	10
4011	10
4012	10
4013	10
4014	10
4015	10
4016	10
4017	10
4018	10
4019	10
4020	10
4021	10
4022	10
4023	10
4024	10
4025	10
4026	10
4027	10
4028	10
4029	10
4030	10
4031	10
4032	10
4033	10
4034	10
4035	10
4036	10
4037	10
4038	10
4039	10
4040	10
4041	10
4042	10
4043	10
4044	10
4045	10
4046	10
4047	10
4048	10
4049	10
4050	10
4051	10
4052	10
4053	10
4054	10
4055	10
4056	10
4057	10
4058	10
4059	10
4060	10
4061	10
4062	10
4063	10
4064	10
4065	10
4066	10
4067	10
4068	10
4069	10
4070	10
4071	10
4072	10
4073	10
4074	10
4075	10
4076	10
4077	10
4078	10
4079	10
4080	10
4081	10
4082	10
4083	10
4084	10
4085	10
4086	10
4087	10
4088	10
4089	10
4090	10
4091	10
4092	10
4093	10
4094	10
4095	10
4096	10
4097	10
4098	10
4099	10
4100	10
4101	10
4102	10
4103	10
4104	10
4105	10
4106	10
4107	10
4108	10
4109	10
4110	10
4111	10
4112	10
4113	10
4114	10
4115	10
4116	10
4117	10
4118	10
4119	10
4120	10
4121	10
4122	10
4123	10
4124	10
4125	10
4126	10
4127	10
4128	10
4129	10
4130	10
4131	10
4132	10
4133	10
4134	10
4135	10
4136	10
4137	10
4138	10
4139	10
4140	10
4141	10
4142	10
4143	10
4144	10
4145	10
4146	10
4147	10
4148	10
4149	10
4150	10
4151	10
4152	10
4153	10
4154	10
4155	10
4156	10
4157	10
4158	10
4159	10
4160	10
4161	10
4162	10
4163	10
4164	10
4165	10
4166	10
4167	10
4168	10
4169	10
4170	10
4171	10
4172	10
4173	10
4174	10
4175	10
4176	10
4177	10
4178	10
4179	10
4180	10
4181	10
4182	10
4183	10
4184	10
4185	10
4186	10
4187	10
4188	10
4189	10
4190	10
4191	10
4192	10
4193	10
4194	10
4195	10
4196	10
4197	10
4198	10
4199	10
4200	10
4201	10
4202	10
4203	10
4204	10
4205	10
4206	10
4207	10
4208	10
4209	10
4210	10
4211	10
4212	10
4213	10
4214	10
4215	10
4216	10
4217	10
4218	10
4219	10
4220	10
4221	10
4222	10
4223	10
4224	10
4225	10
4226	10
4227	10
4228	10
4229	10
4230	10
4231	10
4232	10
4233	10
4234	10
4235	10
4236	10
4237	10
4238	10
4239	10
4240	10
4241	10
4242	10
4243	10
4244	10
4245	10
4246	10
4247	10
4248	10
4249	10
4250	10
4251	10
4252	10
4253	10
4254	10
4255	10
4256	10
4257	10
4258	10
4259	10
4260	10
4261	10
4262	10
4263	10
4264	10
4265	10
4266	10
4267	10
4268	10
4269	10
4270	10
4271	10
4272	10
4273	10
4274	10
4275	10
4276	10
4277	10
4278	10
4279	10
4280	10
4281	10
4282	10
4283	10
4284	10
4285	10
4286	10
4287	10
4288	10
4289	10
4290	10
4291	10
4292	10
4293	10
4294	10
4295	10
4296	10
4297	10
4298	10
4299	10
4300	10
4301	10
4302	10
4303	10
4304	10
4305	10
4306	10
4307	10
4308	10
4309	10
4310	10
4311	10
4312	10
4313	10
4314	10
4315	10
4316	10
4317	10
4318	10
4319	10
4320	10
4321	10
4322	10
4323	10
4324	10
4325	10
4326	10
4327	10
4328	10
4329	10
4330	10
4331	10
4332	10
4333	10
4334	10
4335	10
4336	10
4337	10
4338	10
4339	10
4340	10
4341	10
4342	10
4343	10
4344	10
4345	10
4346	10
4347	10
4348	10
4349	10
4350	10
4351	10
4352	10
4353	10
4354	10
4355	10
4356	10
4357	10
4358	10
4359	10
4360	10
4361	10
4362	10
4363	10
4364	10
4365	10
4366	10
4367	10
4368	10
4369	10
4370	10
4371	10
4372	10
4373	10
4374	10
4375	10
4376	10
4377	10
4378	10
4379	10
4380	10
4381	10
4382	10
4383	10
4384	10
4385	10
4386	10
4387	10
4388	10
4389	10
4390	10
4391	10
4392	10
4393	10
4394	10
4395	10
4396	10
4397	10
4398	10
4399	10
4400	11
4401	11
4402	11
4403	11
4404	11
4405	11
4406	11
4407	11
4408	11
4409	11
4410	11
4411	11
4412	11
4413	11
4414	11
4415	11
4416	11
4417	11
4418	11
4419	11
4420	11
4421	11
4422	11
4423	11
4424	11
4425	11
4426	11
4427	11
4428	11
4429	11
4430	11
4431	11
4432	11
4433	11
4434	11
4435	11
4436	11
4437	11
4438	11
4439	11
4440	11
4441	11
4442	11
4443	11
4444	11
4445	11
4446	11
4447	11
4448	11
4449	11
4450	11
4451	11
4452	11
4453	11
4454	11
4455	11
4456	11
4457	11
4458	11
4459	11
4460	11
4461	11
4462	11
4463	11
4464	11
4465	11
4466	11
4467	11
4468	11
4469	11
4470	11
4471	11
4472	11
4473	11
4474	11
4475	11
4476	11
4477	11
4478	11
4479	11
4480	11
4481	11
4482	11
4483	11
4484	11
4485	11
4486	11
4487	11
4488	11
4489	11
4490	11
4491	11
4492	11
4493	11
4494	11
4495	11
4496	11
4497	11
4498	11
4499	11
4500	11
4501	11
4502	11
4503	11
4504	11
4505	11
4506	11
4507	11
4508	11
4509	11
4510	11
4511	11
4512	11
4513	11
4514	11
4515	11
4516	11
4517	11
4518	11
4519	11
4520	11
4521	11
4522	11
4523	11
4524	11
4525	11
4526	11
4527	11
4528	11
4529	11
4530	11
4531	11
4532	11
4533	11
4534	11
4535	11
4536	11
4537	11
4538	11
4539	11
4540	11
4541	11
4542	11
4543	11
4544	11
4545	11
4546	11
4547	11
4548	11
4549	11
4550	11
4551	11
4552	11
4553	11
4554	11
4555	11
4556	11
4557	11
4558	11
4559	11
4560	11
4561	11
4562	11
4563	11
4564	11
4565	11
4566	11
4567	11
4568	11
4569	11
4570	11
4571	11
4572	11
4573	11
4574	11
4575	11
4576	11
4577	11
4578	11
4579	11
4580	11
4581	11
4582	11
4583	11
4584	11
4585	11
4586	11
4587	11
4588	11
4589	11
4590	11
4591	11
4592	11
4593	11
4594	11
4595	11
4596	11
4597	11
4598	11
4599	11
4600	11
4601	11
4602	11
4603	11
4604	11
4605	11
4606	11
4607	11
4608	11
4609	11
4610	11
4611	11
4612	11
4613	11
4614	11
4615	11
4616	11
4617	11
4618	11
4619	11
4620	11
4621	11
4622	11
4623	11
4624	11
4625	11
4626	11
4627	11
4628	11
4629	11
4630	11
4631	11
4632	11
4633	11
4634	11
4635	11
4636	11
4637	11
4638	11
4639	11
4640	11
4641	11
4642	11
4643	11
4644	11
4645	11
4646	11
4647	11
4648	11
4649	11
4650	11
4651	11
4652	11
4653	11
4654	11
4655	11
4656	11
4657	11
4658	11
4659	11
4660	11
4661	11
4662	11
4663	11
4664	11
4665	11
4666	11
4667	11
4668	11
4669	11
4670	11
4671	11
4672	11
4673	11
4674	11
4675	11
4676	11
4677	11
4678	11
4679	11
4680	11
4681	11
4682	11
4683	11
4684	11
4685	11
4686	11
4687	11
4688	11
4689	11
4690	11
4691	11
4692	11
4693	11
4694	11
4695	11
4696	11
4697	11
4698	11
4699	11
4700	11
4701	11
4702	11
4703	11
4704	11
4705	11
4706	11
4707	11
4708	11
4709	11
4710	11
4711	11
4712	11
4713	11
4714	11
4715	11
4716	11
4717	11
4718	11
4719	11
4720	11
4721	11
4722	11
4723	11
4724	11
4725	11
4726	11
4727	11
4728	11
4729	11
4730	11
4731	11
4732	11
4733	11
4734	11
4735	11
4736	11
4737	11
4738	11
4739	11
4740	11
4741	11
4742	11
4743	11
4744	11
4745	11
4746	11
4747	11
4748	11
4749	11
4750	11
4751	11
4752	11
4753	11
4754	11
4755	11
4756	11
4757	11
4758	11
4759	11
4760	11
4761	11
4762	11
4763	11
4764	11
4765	11
4766	11
4767	11
4768	11
4769	11
4770	11
4771	11
4772	11
4773	11
4774	11
4775	11
4776	11
4777	11
4778	11
4779	11
4780	11
4781	11
4782	11
4783	11
4784	11
4785	11
4786	11
4787	11
4788	11
4789	11
4790	11
4791	11
4792	11
4793	11
4794	11
4795	11
4796	11
4797	11
4798	11
4799	11
4800	12
4801	12
4802	12
4803	12
4804	12
4805	12
4806	12
4807	12
4808	12
4809	12
4810	12
4811	12
4812	12
4813	12
4814	12
4815	12
4816	12
4817	12
4818	12
4819	12
4820	12
4821	12
4822	12
4823	12
4824	12
4825	12
4826	12
4827	12
4828	12
4829	12
4830	12
4831	12
4832	12
4833	12
4834	12
4835	12
4836	12
4837	12
4838	12
4839	12
4840	12
4841	12
4842	12
4843	12
4844	12
4845	12
4846	12
4847	12
4848	12
4849	12
4850	12
4851	12
4852	12
4853	12
4854	12
4855	12
4856	12
4857	12
4858	12
4859	12
4860	12
4861	12
4862	12
4863	12
4864	12
4865	12
4866	12
4867	12
4868	12
4869	12
4870	12
4871	12
4872	12
4873	12
4874	12
4875	12
4876	12
4877	12
4878	12
4879	12
4880	12
4881	12
4882	12
4883	12
4884	12
4885	12
4886	12
4887	12
4888	12
4889	12
4890	12
4891	12
4892	12
4893	12
4894	12
4895	12
4896	12
4897	12
4898	12
4899	12
4900	12
4901	12
4902	12
4903	12
4904	12
4905	12
4906	12
4907	12
4908	12
4909	12
4910	12
4911	12
4912	12
4913	12
4914	12
4915	12
4916	12
4917	12
4918	12
4919	12
4920	12
4921	12
4922	12
4923	12
4924	12
4925	12
4926	12
4927	12
4928	12
4929	12
4930	12
4931	12
4932	12
4933	12
4934	12
4935	12
4936	12
4937	12
4938	12
4939	12
4940	12
4941	12
4942	12
4943	12
4944	12
4945	12
4946	12
4947	12
4948	12
4949	12
4950	12
4951	12
4952	12
4953	12
4954	12
4955	12
4956	12
4957	12
4958	12
4959	12
4960	12
4961	12
4962	12
4963	12
4964	12
4965	12
4966	12
4967	12
4968	12
4969	12
4970	12
4971	12
4972	12
4973	12
4974	12
4975	12
4976	12
4977	12
4978	12
4979	12
4980	12
4981	12
4982	12
4983	12
4984	12
4985	12
4986	12
4987	12
4988	12
4989	12
4990	12
4991	12
4992	12
4993	12
4994	12
4995	12
4996	12
4997	12
4998	12
4999	12
5000	12
5001	12
5002	12
5003	12
5004	12
5005	12
5006	12
5007	12
5008	12
5009	12
5010	12
5011	12
5012	12
5013	12
5014	12
5015	12
5016	12
5017	12
5018	12
5019	12
5020	12
5021	12
5022	12
5023	12
5024	12
5025	12
5026	12
5027	12
5028	12
5029	12
5030	12
5031	12
5032	12
5033	12
5034	12
5035	12
5036	12
5037	12
5038	12
5039	12
5040	12
5041	12
5042	12
5043	12
5044	12
5045	12
5046	12
5047	12
5048	12
5049	12
5050	12
5051	12
5052	12
5053	12
5054	12
5055	12
5056	12
5057	12
5058	12
5059	12
5060	12
5061	12
5062	12
5063	12
5064	12
5065	12
5066	12
5067	12
5068	12
5069	12
5070	12
5071	12
5072	12
5073	12
5074	12
5075	12
5076	12
5077	12
5078	12
5079	12
5080	12
5081	12
5082	12
5083	12
5084	12
5085	12
5086	12
5087	12
5088	12
5089	12
5090	12
5091	12
5092	12
5093	12
5094	12
5095	12
5096	12
5097	12
5098	12
5099	12
5100	12
5101	12
5102	12
5103	12
5104	12
5105	12
5106	12
5107	12
5108	12
5109	12
5110	12
5111	12
5112	12
5113	12
5114	12
5115	12
5116	12
5117	12
5118	12
5119	12
5120	12
5121	12
5122	12
5123	12
5124	12
5125	12
5126	12
5127	12
5128	12
5129	12
5130	12
5131	12
5132	12
5133	12
5134	12
5135	12
5136	12
5137	12
5138	12
5139	12
5140	12
5141	12
5142	12
5143	12
5144	12
5145	12
5146	12
5147	12
5148	12
5149	12
5150	12
5151	12
5152	12
5153	12
5154	12
5155	12
5156	12
5157	12
5158	12
5159	12
5160	12
5161	12
5162	12
5163	12
5164	12
5165	12
5166	12
5167	12
5168	12
5169	12
5170	12
5171	12
5172	12
5173	12
5174	12
5175	12
5176	12
5177	12
5178	12
5179	12
5180	12
5181	12
5182	12
5183	12
5184	12
5185	12
5186	12
5187	12
5188	12
5189	12
5190	12
5191	12
5192	12
5193	12
5194	12
5195	12
5196	12
5197	12
5198	12
5199	12
5200	13
5201	13
5202	13
5203	13
5204	13
5205	13
5206	13
5207	13
5208	13
5209	13
5210	13
5211	13
5212	13
5213	13
5214	13
5215	13
5216	13
5217	13
5218	13
5219	13
5220	13
5221	13
5222	13
5223	13
5224	13
5225	13
5226	13
5227	13
5228	13
5229	13
5230	13
5231	13
5232	13
5233	13
5234	13
5235	13
5236	13
5237	13
5238	13
5239	13
5240	13
5241	13
5242	13
5243	13
5244	13
5245	13
5246	13
5247	13
5248	13
5249	13
5250	13
5251	13
5252	13
5253	13
5254	13
5255	13
5256	13
5257	13
5258	13
5259	13
5260	13
5261	13
5262	13
5263	13
5264	13
5265	13
5266	13
5267	13
5268	13
5269	13
5270	13
5271	13
5272	13
5273	13
5274	13
5275	13
5276	13
5277	13
5278	13
5279	13
5280	13
5281	13
5282	13
5283	13
5284	13
5285	13
5286	13
5287	13
5288	13
5289	13
5290	13
5291	13
5292	13
5293	13
5294	13
5295	13
5296	13
5297	13
5298	13
5299	13
5300	13
5301	13
5302	13
5303	13
5304	13
5305	13
5306	13
5307	13
5308	13
5309	13
5310	13
5311	13
5312	13
5313	13
5314	13
5315	13
5316	13
5317	13
5318	13
5319	13
5320	13
5321	13
5322	13
5323	13
5324	13
5325	13
5326	13
5327	13
5328	13
5329	13
5330	13
5331	13
5332	13
5333	13
5334	13
5335	13
5336	13
5337	13
5338	13
5339	13
5340	13
5341	13
5342	13
5343	13
5344	13
5345	13
5346	13
5347	13
5348	13
5349	13
5350	13
5351	13
5352	13
5353	13
5354	13
5355	13
5356	13
5357	13
5358	13
5359	13
5360	13
5361	13
5362	13
5363	13
5364	13
5365	13
5366	13
5367	13
5368	13
5369	13
5370	13
5371	13
5372	13
5373	13
5374	13
5375	13
5376	13
5377	13
5378	13
5379	13
5380	13
5381	13
5382	13
5383	13
5384	13
5385	13
5386	13
5387	13
5388	13
5389	13
5390	13
5391	13
5392	13
5393	13
5394	13
5395	13
5396	13
5397	13
5398	13
5399	13
5400	13
5401	13
5402	13
5403	13
5404	13
5405	13
5406	13
5407	13
5408	13
5409	13
5410	13
5411	13
5412	13
5413	13
5414	13
5415	13
5416	13
5417	13
5418	13
5419	13
5420	13
5421	13
5422	13
5423	13
5424	13
5425	13
5426	13
5427	13
5428	13
5429	13
5430	13
5431	13
5432	13
5433	13
5434	13
5435	13
5436	13
5437	13
5438	13
5439	13
5440	13
5441	13
5442	13
5443	13
5444	13
5445	13
5446	13
5447	13
5448	13
5449	13
5450	13
5451	13
5452	13
5453	13
5454	13
5455	13
5456	13
5457	13
5458	13
5459	13
5460	13
5461	13
5462	13
5463	13
5464	13
5465	13
5466	13
5467	13
5468	13
5469	13
5470	13
5471	13
5472	13
5473	13
5474	13
5475	13
5476	13
5477	13
5478	13
5479	13
5480	13
5481	13
5482	13
5483	13
5484	13
5485	13
5486	13
5487	13
5488	13
5489	13
5490	13
5491	13
5492	13
5493	13
5494	13
5495	13
5496	13
5497	13
5498	13
5499	13
5500	13
5501	13
5502	13
5503	13
5504	13
5505	13
5506	13
5507	13
5508	13
5509	13
5510	13
5511	13
5512	13
5513	13
5514	13
5515	13
5516	13
5517	13
5518	13
5519	13
5520	13
5521	13
5522	13
5523	13
5524	13
5525	13
5526	13
5527	13
5528	13
5529	13
5530	13
5531	13
5532	13
5533	13
5534	13
5535	13
5536	13
5537	13
5538	13
5539	13
5540	13
5541	13
5542	13
5543	13
5544	13
5545	13
5546	13
5547	13
5548	13
5549	13
5550	13
5551	13
5552	13
5553	13
5554	13
5555	13
5556	13
5557	13
5558	13
5559	13
5560	13
5561	13
5562	13
5563	13
5564	13
5565	13
5566	13
5567	13
5568	13
5569	13
5570	13
5571	13
5572	13
5573	13
5574	13
5575	13
5576	13
5577	13
5578	13
5579	13
5580	13
5581	13
5582	13
5583	13
5584	13
5585	13
5586	13
5587	13
5588	13
5589	13
5590	13
5591	13
5592	13
5593	13
5594	13
5595	13
5596	13
5597	13
5598	13
5599	13
5600	14
5601	14
5602	14
5603	14
5604	14
5605	14
5606	14
5607	14
5608	14
5609	14
5610	14
5611	14
5612	14
5613	14
5614	14
5615	14
5616	14
5617	14
5618	14
5619	14
5620	14
5621	14
5622	14
5623	14
5624	14
5625	14
5626	14
5627	14
5628	14
5629	14
5630	14
5631	14
5632	14
5633	14
5634	14
5635	14
5636	14
5637	14
5638	14
5639	14
5640	14
5641	14
5642	14
5643	14
5644	14
5645	14
5646	14
5647	14
5648	14
5649	14
5650	14
5651	14
5652	14
5653	14
5654	14
5655	14
5656	14
5657	14
5658	14
5659	14
5660	14
5661	14
5662	14
5663	14
5664	14
5665	14
5666	14
5667	14
5668	14
5669	14
5670	14
5671	14
5672	14
5673	14
5674	14
5675	14
5676	14
5677	14
5678	14
5679	14
5680	14
5681	14
5682	14
5683	14
5684	14
5685	14
5686	14
5687	14
5688	14
5689	14
5690	14
5691	14
5692	14
5693	14
5694	14
5695	14
5696	14
5697	14
5698	14
5699	14
5700	14
5701	14
5702	14
5703	14
5704	14
5705	14
5706	14
5707	14
5708	14
5709	14
5710	14
5711	14
5712	14
5713	14
5714	14
5715	14
5716	14
5717	14
5718	14
5719	14
5720	14
5721	14
5722	14
5723	14
5724	14
5725	14
5726	14
5727	14
5728	14
5729	14
5730	14
5731	14
5732	14
5733	14
5734	14
5735	14
5736	14
5737	14
5738	14
5739	14
5740	14
5741	14
5742	14
5743	14
5744	14
5745	14
5746	14
5747	14
5748	14
5749	14
5750	14
5751	14
5752	14
5753	14
5754	14
5755	14
5756	14
5757	14
5758	14
5759	14
5760	14
5761	14
5762	14
5763	14
5764	14
5765	14
5766	14
5767	14
5768	14
5769	14
5770	14
5771	14
5772	14
5773	14
5774	14
5775	14
5776	14
5777	14
5778	14
5779	14
5780	14
5781	14
5782	14
5783	14
5784	14
5785	14
5786	14
5787	14
5788	14
5789	14
5790	14
5791	14
5792	14
5793	14
5794	14
5795	14
5796	14
5797	14
5798	14
5799	14
5800	14
5801	14
5802	14
5803	14
5804	14
5805	14
5806	14
5807	14
5808	14
5809	14
5810	14
5811	14
5812	14
5813	14
5814	14
5815	14
5816	14
5817	14
5818	14
5819	14
5820	14
5821	14
5822	14
5823	14
5824	14
5825	14
5826	14
5827	14
5828	14
5829	14
5830	14
5831	14
5832	14
5833	14
5834	14
5835	14
5836	14
5837	14
5838	14
5839	14
5840	14
5841	14
5842	14
5843	14
5844	14
5845	14
5846	14
5847	14
5848	14
5849	14
5850	14
5851	14
5852	14
5853	14
5854	14
5855	14
5856	14
5857	14
5858	14
5859	14
5860	14
5861	14
5862	14
5863	14
5864	14
5865	14
5866	14
5867	14
5868	14
5869	14
5870	14
5871	14
5872	14
5873	14
5874	14
5875	14
5876	14
5877	14
5878	14
5879	14
5880	14
5881	14
5882	14
5883	14
5884	14
5885	14
5886	14
5887	14
5888	14
5889	14
5890	14
5891	14
5892	14
5893	14
5894	14
5895	14
5896	14
5897	14
5898	14
5899	14
5900	14
5901	14
5902	14
5903	14
5904	14
5905	14
5906	14
5907	14
5908	14
5909	14
5910	14
5911	14
5912	14
5913	14
5914	14
5915	14
5916	14
5917	14
5918	14
5919	14
5920	14
5921	14
5922	14
5923	14
5924	14
5925	14
5926	14
5927	14
5928	14
5929	14
5930	14
5931	14
5932	14
5933	14
5934	14
5935	14
5936	14
5937	14
5938	14
5939	14
5940	14
5941	14
5942	14
5943	14
5944	14
5945	14
5946	14
5947	14
5948	14
5949	14
5950	14
5951	14
5952	14
5953	14
5954	14
5955	14
5956	14
5957	14
5958	14
5959	14
5960	14
5961	14
5962	14
5963	14
5964	14
5965	14
5966	14
5967	14
5968	14
5969	14
5970	14
5971	14
5972	14
5973	14
5974	14
5975	14
5976	14
5977	14
5978	14
5979	14
5980	14
5981	14
5982	14
5983	14
5984	14
5985	14
5986	14
5987	14
5988	14
5989	14
5990	14
5991	14
5992	14
5993	14
5994	14
5995	14
5996	14
5997	14
5998	14
5999	14
6000	15
6001	15
6002	15
6003	15
6004	15
6005	15
6006	15
6007	15
6008	15
6009	15
6010	15
6011	15
6012	15
6013	15
6014	15
6015	15
6016	15
6017	15
6018	15
6019	15
6020	15
6021	15
6022	15
6023	15
6024	15
6025	15
6026	15
6027	15
6028	15
6029	15
6030	15
6031	15
6032	15
6033	15
6034	15
6035	15
6036	15
6037	15
6038	15
6039	15
6040	15
6041	15
6042	15
6043	15
6044	15
6045	15
6046	15
6047	15
6048	15
6049	15
6050	15
6051	15
6052	15
6053	15
6054	15
6055	15
6056	15
6057	15
6058	15
6059	15
6060	15
6061	15
6062	15
6063	15
6064	15
6065	15
6066	15
6067	15
6068	15
6069	15
6070	15
6071	15
6072	15
6073	15
6074	15
6075	15
6076	15
6077	15
6078	15
6079	15
6080	15
6081	15
6082	15
6083	15
6084	15
6085	15
6086	15
6087	15
6088	15
6089	15
6090	15
6091	15
6092	15
6093	15
6094	15
6095	15
6096	15
6097	15
6098	15
6099	15
6100	15
6101	15
6102	15
6103	15
6104	15
6105	15
6106	15
6107	15
6108	15
6109	15
6110	15
6111	15
6112	15
6113	15
6114	15
6115	15
6116	15
6117	15
6118	15
6119	15
6120	15
6121	15
6122	15
6123	15
6124	15
6125	15
6126	15
6127	15
6128	15
6129	15
6130	15
6131	15
6132	15
6133	15
6134	15
6135	15
6136	15
6137	15
6138	15
6139	15
6140	15
6141	15
6142	15
6143	15
6144	15
6145	15
6146	15
6147	15
6148	15
6149	15
6150	15
6151	15
6152	15
6153	15
6154	15
6155	15
6156	15
6157	15
6158	15
6159	15
6160	15
6161	15
6162	15
6163	15
6164	15
6165	15
6166	15
6167	15
6168	15
6169	15
6170	15
6171	15
6172	15
6173	15
6174	15
6175	15
6176	15
6177	15
6178	15
6179	15
6180	15
6181	15
6182	15
6183	15
6184	15
6185	15
6186	15
6187	15
6188	15
6189	15
6190	15
6191	15
6192	15
6193	15
6194	15
6195	15
6196	15
6197	15
6198	15
6199	15
6200	15
6201	15
6202	15
6203	15
6204	15
6205	15
6206	15
6207	15
6208	15
6209	15
6210	15
6211	15
6212	15
6213	15
6214	15
6215	15
6216	15
6217	15
6218	15
6219	15
6220	15
6221	15
6222	15
6223	15
6224	15
6225	15
6226	15
6227	15
6228	15
6229	15
6230	15
6231	15
6232	15
6233	15
6234	15
6235	15
6236	15
6237	15
6238	15
6239	15
6240	15
6241	15
6242	15
6243	15
6244	15
6245	15
6246	15
6247	15
6248	15
6249	15
6250	15
6251	15
6252	15
6253	15
6254	15
6255	15
6256	15
6257	15
6258	15
6259	15
6260	15
6261	15
6262	15
6263	15
6264	15
6265	15
6266	15
6267	15
6268	15
6269	15
6270	15
6271	15
6272	15
6273	15
6274	15
6275	15
6276	15
6277	15
6278	15
6279	15
6280	15
6281	15
6282	15
6283	15
6284	15
6285	15
6286	15
6287	15
6288	15
6289	15
6290	15
6291	15
6292	15
6293	15
6294	15
6295	15
6296	15
6297	15
6298	15
6299	15
6300	15
6301	15
6302	15
6303	15
6304	15
6305	15
6306	15
6307	15
6308	15
6309	15
6310	15
6311	15
6312	15
6313	15
6314	15
6315	15
6316	15
6317	15
6318	15
6319	15
6320	15
6321	15
6322	15
6323	15
6324	15
6325	15
6326	15
6327	15
6328	15
6329	15
6330	15
6331	15
6332	15
6333	15
6334	15
6335	15
6336	15
6337	15
6338	15
6339	15
6340	15
6341	15
6342	15
6343	15
6344	15
6345	15
6346	15
6347	15
6348	15
6349	15
6350	15
6351	15
6352	15
6353	15
6354	15
6355	15
6356	15
6357	15
6358	15
6359	15
6360	15
6361	15
6362	15
6363	15
6364	15
6365	15
6366	15
6367	15
6368	15
6369	15
6370	15
6371	15
6372	15
6373	15
6374	15
6375	15
6376	15
6377	15
6378	15
6379	15
6380	15
6381	15
6382	15
6383	15
6384	15
6385	15
6386	15
6387	15
6388	15
6389	15
6390	15
6391	15
6392	15
6393	15
6394	15
6395	15
6396	15
6397	15
6398	15
6399	15
6400	16
6401	16
6402	16
6403	16
6404	16
6405	16
6406	16
6407	16
6408	16
6409	16
6410	16
6411	16
6412	16
6413	16
6414	16
6415	16
6416	16
6417	16
6418	16
6419	16
6420	16
6421	16
6422	16
6423	16
6424	16
6425	16
6426	16
6427	16
6428	16
6429	16
6430	16
6431	16
6432	16
6433	16
6434	16
6435	16
6436	16
6437	16
6438	16
6439	16
6440	16
6441	16
6442	16
6443	16
6444	16
6445	16
6446	16
6447	16
6448	16
6449	16
6450	16
6451	16
6452	16
6453	16
6454	16
6455	16
6456	16
6457	16
6458	16
6459	16
6460	16
6461	16
6462	16
6463	16
6464	16
6465	16
6466	16
6467	16
6468	16
6469	16
6470	16
6471	16
6472	16
6473	16
6474	16
6475	16
6476	16
6477	16
6478	16
6479	16
6480	16
6481	16
6482	16
6483	16
6484	16
6485	16
6486	16
6487	16
6488	16
6489	16
6490	16
6491	16
6492	16
6493	16
6494	16
6495	16
6496	16
6497	16
6498	16
6499	16
6500	16
6501	16
6502	16
6503	16
6504	16
6505	16
6506	16
6507	16
6508	16
6509	16
6510	16
6511	16
6512	16
6513	16
6514	16
6515	16
6516	16
6517	16
6518	16
6519	16
6520	16
6521	16
6522	16
6523	16
6524	16
6525	16
6526	16
6527	16
6528	16
6529	16
6530	16
6531	16
6532	16
6533	16
6534	16
6535	16
6536	16
6537	16
6538	16
6539	16
6540	16
6541	16
6542	16
6543	16
6544	16
6545	16
6546	16
6547	16
6548	16
6549	16
6550	16
6551	16
6552	16
6553	16
6554	16
6555	16
6556	16
6557	16
6558	16
6559	16
6560	16
6561	16
6562	16
6563	16
6564	16
6565	16
6566	16
6567	16
6568	16
6569	16
6570	16
6571	16
6572	16
6573	16
6574	16
6575	16
6576	16
6577	16
6578	16
6579	16
6580	16
6581	16
6582	16
6583	16
6584	16
6585	16
6586	16
6587	16
6588	16
6589	16
6590	16
6591	16
6592	16
6593	16
6594	16
6595	16
6596	16
6597	16
6598	16
6599	16
6600	16
6601	16
6602	16
6603	16
6604	16
6605	16
6606	16
6607	16
6608	16
6609	16
6610	16
6611	16
6612	16
6613	16
6614	16
6615	16
6616	16
6617	16
6618	16
6619	16
6620	16
6621	16
6622	16
6623	16
6624	16
6625	16
6626	16
6627	16
6628	16
6629	16
6630	16
6631	16
6632	16
6633	16
6634	16
6635	16
6636	16
6637	16
6638	16
6639	16
6640	16
6641	16
6642	16
6643	16
6644	16
6645	16
6646	16
6647	16
6648	16
6649	16
6650	16
6651	16
6652	16
6653	16
6654	16
6655	16
6656	16
6657	16
6658	16
6659	16
6660	16
6661	16
6662	16
6663	16
6664	16
6665	16
6666	16
6667	16
6668	16
6669	16
6670	16
6671	16
6672	16
6673	16
6674	16
6675	16
6676	16
6677	16
6678	16
6679	16
6680	16
6681	16
6682	16
6683	16
6684	16
6685	16
6686	16
6687	16
6688	16
6689	16
6690	16
6691	16
6692	16
6693	16
6694	16
6695	16
6696	16
6697	16
6698	16
6699	16
6700	16
6701	16
6702	16
6703	16
6704	16
6705	16
6706	16
6707	16
6708	16
6709	16
6710	16
6711	16
6712	16
6713	16
6714	16
6715	16
6716	16
6717	16
6718	16
6719	16
6720	16
6721	16
6722	16
6723	16
6724	16
6725	16
6726	16
6727	16
6728	16
6729	16
6730	16
6731	16
6732	16
6733	16
6734	16
6735	16
6736	16
6737	16
6738	16
6739	16
6740	16
6741	16
6742	16
6743	16
6744	16
6745	16
6746	16
6747	16
6748	16
6749	16
6750	16
6751	16
6752	16
6753	16
6754	16
6755	16
6756	16
6757	16
6758	16
6759	16
6760	16
6761	16
6762	16
6763	16
6764	16
6765	16
6766	16
6767	16
6768	16
6769	16
6770	16
6771	16
6772	16
6773	16
6774	16
6775	16
6776	16
6777	16
6778	16
6779	16
6780	16
6781	16
6782	16
6783	16
6784	16
6785	16
6786	16
6787	16
6788	16
6789	16
6790	16
6791	16
6792	16
6793	16
6794	16
6795	16
6796	16
6797	16
6798	16
6799	16
6800	17
6801	17
6802	17
6803	17
6804	17
6805	17
6806	17
6807	17
6808	17
6809	17
6810	17
6811	17
6812	17
6813	17
6814	17
6815	17
6816	17
6817	17
6818	17
6819	17
6820	17
6821	17
6822	17
6823	17
6824	17
6825	17
6826	17
6827	17
6828	17
6829	17
6830	17
6831	17
6832	17
6833	17
6834	17
6835	17
6836	17
6837	17
6838	17
6839	17
6840	17
6841	17
6842	17
6843	17
6844	17
6845	17
6846	17
6847	17
6848	17
6849	17
6850	17
6851	17
6852	17
6853	17
6854	17
6855	17
6856	17
6857	17
6858	17
6859	17
6860	17
6861	17
6862	17
6863	17
6864	17
6865	17
6866	17
6867	17
6868	17
6869	17
6870	17
6871	17
6872	17
6873	17
6874	17
6875	17
6876	17
6877	17
6878	17
6879	17
6880	17
6881	17
6882	17
6883	17
6884	17
6885	17
6886	17
6887	17
6888	17
6889	17
6890	17
6891	17
6892	17
6893	17
6894	17
6895	17
6896	17
6897	17
6898	17
6899	17
6900	17
6901	17
6902	17
6903	17
6904	17
6905	17
6906	17
6907	17
6908	17
6909	17
6910	17
6911	17
6912	17
6913	17
6914	17
6915	17
6916	17
6917	17
6918	17
6919	17
6920	17
6921	17
6922	17
6923	17
6924	17
6925	17
6926	17
6927	17
6928	17
6929	17
6930	17
6931	17
6932	17
6933	17
6934	17
6935	17
6936	17
6937	17
6938	17
6939	17
6940	17
6941	17
6942	17
6943	17
6944	17
6945	17
6946	17
6947	17
6948	17
6949	17
6950	17
6951	17
6952	17
6953	17
6954	17
6955	17
6956	17
6957	17
6958	17
6959	17
6960	17
6961	17
6962	17
6963	17
6964	17
6965	17
6966	17
6967	17
6968	17
6969	17
6970	17
6971	17
6972	17
6973	17
6974	17
6975	17
6976	17
6977	17
6978	17
6979	17
6980	17
6981	17
6982	17
6983	17
6984	17
6985	17
6986	17
6987	17
6988	17
6989	17
6990	17
6991	17
6992	17
6993	17
6994	17
6995	17
6996	17
6997	17
6998	17
6999	17
7000	17
7001	17
7002	17
7003	17
7004	17
7005	17
7006	17
7007	17
7008	17
7009	17
7010	17
7011	17
7012	17
7013	17
7014	17
7015	17
7016	17
7017	17
7018	17
7019	17
7020	17
7021	17
7022	17
7023	17
7024	17
7025	17
7026	17
7027	17
7028	17
7029	17
7030	17
7031	17
7032	17
7033	17
7034	17
7035	17
7036	17
7037	17
7038	17
7039	17
7040	17
7041	17
7042	17
7043	17
7044	17
7045	17
7046	17
7047	17
7048	17
7049	17
7050	17
7051	17
7052	17
7053	17
7054	17
7055	17
7056	17
7057	17
7058	17
7059	17
7060	17
7061	17
7062	17
7063	17
7064	17
7065	17
7066	17
7067	17
7068	17
7069	17
7070	17
7071	17
7072	17
7073	17
7074	17
7075	17
7076	17
7077	17
7078	17
7079	17
7080	17
7081	17
7082	17
7083	17
7084	17
7085	17
7086	17
7087	17
7088	17
7089	17
7090	17
7091	17
7092	17
7093	17
7094	17
7095	17
7096	17
7097	17
7098	17
7099	17
7100	17
7101	17
7102	17
7103	17
7104	17
7105	17
7106	17
7107	17
7108	17
7109	17
7110	17
7111	17
7112	17
7113	17
7114	17
7115	17
7116	17
7117	17
7118	17
7119	17
7120	17
7121	17
7122	17
7123	17
7124	17
7125	17
7126	17
7127	17
7128	17
7129	17
7130	17
7131	17
7132	17
7133	17
7134	17
7135	17
7136	17
7137	17
7138	17
7139	17
7140	17
7141	17
7142	17
7143	17
7144	17
7145	17
7146	17
7147	17
7148	17
7149	17
7150	17
7151	17
7152	17
7153	17
7154	17
7155	17
7156	17
7157	17
7158	17
7159	17
7160	17
7161	17
7162	17
7163	17
7164	17
7165	17
7166	17
7167	17
7168	17
7169	17
7170	17
7171	17
7172	17
7173	17
7174	17
7175	17
7176	17
7177	17
7178	17
7179	17
7180	17
7181	17
7182	17
7183	17
7184	17
7185	17
7186	17
7187	17
7188	17
7189	17
7190	17
7191	17
7192	17
7193	17
7194	17
7195	17
7196	17
7197	17
7198	17
7199	17
7200	18
7201	18
7202	18
7203	18
7204	18
7205	18
7206	18
7207	18
7208	18
7209	18
7210	18
7211	18
7212	18
7213	18
7214	18
7215	18
7216	18
7217	18
7218	18
7219	18
7220	18
7221	18
7222	18
7223	18
7224	18
7225	18
7226	18
7227	18
7228	18
7229	18
7230	18
7231	18
7232	18
7233	18
7234	18
7235	18
7236	18
7237	18
7238	18
7239	18
7240	18
7241	18
7242	18
7243	18
7244	18
7245	18
7246	18
7247	18
7248	18
7249	18
7250	18
7251	18
7252	18
7253	18
7254	18
7255	18
7256	18
7257	18
7258	18
7259	18
7260	18
7261	18
7262	18
7263	18
7264	18
7265	18
7266	18
7267	18
7268	18
7269	18
7270	18
7271	18
7272	18
7273	18
7274	18
7275	18
7276	18
7277	18
7278	18
7279	18
7280	18
7281	18
7282	18
7283	18
7284	18
7285	18
7286	18
7287	18
7288	18
7289	18
7290	18
7291	18
7292	18
7293	18
7294	18
7295	18
7296	18
7297	18
7298	18
7299	18
7300	18
7301	18
7302	18
7303	18
7304	18
7305	18
7306	18
7307	18
7308	18
7309	18
7310	18
7311	18
7312	18
7313	18
7314	18
7315	18
7316	18
7317	18
7318	18
7319	18
7320	18
7321	18
7322	18
7323	18
7324	18
7325	18
7326	18
7327	18
7328	18
7329	18
7330	18
7331	18
7332	18
7333	18
7334	18
7335	18
7336	18
7337	18
7338	18
7339	18
7340	18
7341	18
7342	18
7343	18
7344	18
7345	18
7346	18
7347	18
7348	18
7349	18
7350	18
7351	18
7352	18
7353	18
7354	18
7355	18
7356	18
7357	18
7358	18
7359	18
7360	18
7361	18
7362	18
7363	18
7364	18
7365	18
7366	18
7367	18
7368	18
7369	18
7370	18
7371	18
7372	18
7373	18
7374	18
7375	18
7376	18
7377	18
7378	18
7379	18
7380	18
7381	18
7382	18
7383	18
7384	18
7385	18
7386	18
7387	18
7388	18
7389	18
7390	18
7391	18
7392	18
7393	18
7394	18
7395	18
7396	18
7397	18
7398	18
7399	18
7400	18
7401	18
7402	18
7403	18
7404	18
7405	18
7406	18
7407	18
7408	18
7409	18
7410	18
7411	18
7412	18
7413	18
7414	18
7415	18
7416	18
7417	18
7418	18
7419	18
7420	18
7421	18
7422	18
7423	18
7424	18
7425	18
7426	18
7427	18
7428	18
7429	18
7430	18
7431	18
7432	18
7433	18
7434	18
7435	18
7436	18
7437	18
7438	18
7439	18
7440	18
7441	18
7442	18
7443	18
7444	18
7445	18
7446	18
7447	18
7448	18
7449	18
7450	18
7451	18
7452	18
7453	18
7454	18
7455	18
7456	18
7457	18
7458	18
7459	18
7460	18
7461	18
7462	18
7463	18
7464	18
7465	18
7466	18
7467	18
7468	18
7469	18
7470	18
7471	18
7472	18
7473	18
7474	18
7475	18
7476	18
7477	18
7478	18
7479	18
7480	18
7481	18
7482	18
7483	18
7484	18
7485	18
7486	18
7487	18
7488	18
7489	18
7490	18
7491	18
7492	18
7493	18
7494	18
7495	18
7496	18
7497	18
7498	18
7499	18
7500	18
7501	18
7502	18
7503	18
7504	18
7505	18
7506	18
7507	18
7508	18
7509	18
7510	18
7511	18
7512	18
7513	18
7514	18
7515	18
7516	18
7517	18
7518	18
7519	18
7520	18
7521	18
7522	18
7523	18
7524	18
7525	18
7526	18
7527	18
7528	18
7529	18
7530	18
7531	18
7532	18
7533	18
7534	18
7535	18
7536	18
7537	18
7538	18
7539	18
7540	18
7541	18
7542	18
7543	18
7544	18
7545	18
7546	18
7547	18
7548	18
7549	18
7550	18
7551	18
7552	18
7553	18
7554	18
7555	18
7556	18
7557	18
7558	18
7559	18
7560	18
7561	18
7562	18
7563	18
7564	18
7565	18
7566	18
7567	18
7568	18
7569	18
7570	18
7571	18
7572	18
7573	18
7574	18
7575	18
7576	18
7577	18
7578	18
7579	18
7580	18
7581	18
7582	18
7583	18
7584	18
7585	18
7586	18
7587	18
7588	18
7589	18
7590	18
7591	18
7592	18
7593	18
7594	18
7595	18
7596	18
7597	18
7598	18
7599	18
7600	19
7601	19
7602	19
7603	19
7604	19
7605	19
7606	19
7607	19
7608	19
7609	19
7610	19
7611	19
7612	19
7613	19
7614	19
7615	19
7616	19
7617	19
7618	19
7619	19
7620	19
7621	19
7622	19
7623	19
7624	19
7625	19
7626	19
7627	19
7628	19
7629	19
7630	19
7631	19
7632	19
7633	19
7634	19
7635	19
7636	19
7637	19
7638	19
7639	19
7640	19
7641	19
7642	19
7643	19
7644	19
7645	19
7646	19
7647	19
7648	19
7649	19
7650	19
7651	19
7652	19
7653	19
7654	19
7655	19
7656	19
7657	19
7658	19
7659	19
7660	19
7661	19
7662	19
7663	19
7664	19
7665	19
7666	19
7667	19
7668	19
7669	19
7670	19
7671	19
7672	19
7673	19
7674	19
7675	19
7676	19
7677	19
7678	19
7679	19
7680	19
7681	19
7682	19
7683	19
7684	19
7685	19
7686	19
7687	19
7688	19
7689	19
7690	19
7691	19
7692	19
7693	19
7694	19
7695	19
7696	19
7697	19
7698	19
7699	19
7700	19
7701	19
7702	19
7703	19
7704	19
7705	19
7706	19
7707	19
7708	19
7709	19
7710	19
7711	19
7712	19
7713	19
7714	19
7715	19
7716	19
7717	19
7718	19
7719	19
7720	19
7721	19
7722	19
7723	19
7724	19
7725	19
7726	19
7727	19
7728	19
7729	19
7730	19
7731	19
7732	19
7733	19
7734	19
7735	19
7736	19
7737	19
7738	19
7739	19
7740	19
7741	19
7742	19
7743	19
7744	19
7745	19
7746	19
7747	19
7748	19
7749	19
7750	19
7751	19
7752	19
7753	19
7754	19
7755	19
7756	19
7757	19
7758	19
7759	19
7760	19
7761	19
7762	19
7763	19
7764	19
7765	19
7766	19
7767	19
7768	19
7769	19
7770	19
7771	19
7772	19
7773	19
7774	19
7775	19
7776	19
7777	19
7778	19
7779	19
7780	19
7781	19
7782	19
7783	19
7784	19
7785	19
7786	19
7787	19
7788	19
7789	19
7790	19
7791	19
7792	19
7793	19
7794	19
7795	19
7796	19
7797	19
7798	19
7799	19
7800	19
7801	19
7802	19
7803	19
7804	19
7805	19
7806	19
7807	19
7808	19
7809	19
7810	19
7811	19
7812	19
7813	19
7814	19
7815	19
7816	19
7817	19
7818	19
7819	19
7820	19
7821	19
7822	19
7823	19
7824	19
7825	19
7826	19
7827	19
7828	19
7829	19
7830	19
7831	19
7832	19
7833	19
7834	19
7835	19
7836	19
7837	19
7838	19
7839	19
7840	19
7841	19
7842	19
7843	19
7844	19
7845	19
7846	19
7847	19
7848	19
7849	19
7850	19
7851	19
7852	19
7853	19
7854	19
7855	19
7856	19
7857	19
7858	19
7859	19
7860	19
7861	19
7862	19
7863	19
7864	19
7865	19
7866	19
7867	19
7868	19
7869	19
7870	19
7871	19
7872	19
7873	19
7874	19
7875	19
7876	19
7877	19
7878	19
7879	19
7880	19
7881	19
7882	19
7883	19
7884	19
7885	19
7886	19
7887	19
7888	19
7889	19
7890	19
7891	19
7892	19
7893	19
7894	19
7895	19
7896	19
7897	19
7898	19
7899	19
7900	19
7901	19
7902	19
7903	19
7904	19
7905	19
7906	19
7907	19
7908	19
7909	19
7910	19
7911	19
7912	19
7913	19
7914	19
7915	19
7916	19
7917	19
7918	19
7919	19
7920	19
7921	19
7922	19
7923	19
7924	19
7925	19
7926	19
7927	19
7928	19
7929	19
7930	19
7931	19
7932	19
7933	19
7934	19
7935	19
7936	19
7937	19
7938	19
7939	19
7940	19
7941	19
7942	19
7943	19
7944	19
7945	19
7946	19
7947	19
7948	19
7949	19
7950	19
7951	19
7952	19
7953	19
7954	19
7955	19
7956	19
7957	19
7958	19
7959	19
7960	19
7961	19
7962	19
7963	19
7964	19
7965	19
7966	19
7967	19
7968	19
7969	19
7970	19
7971	19
7972	19
7973	19
7974	19
7975	19
7976	19
7977	19
7978	19
7979	19
7980	19
7981	19
7982	19
7983	19
7984	19
7985	19
7986	19
7987	19
7988	19
7989	19
7990	19
7991	19
7992	19
7993	19
7994	19
7995	19
7996	19
7997	19
7998	19
7999	19
8000	20
8001	20
8002	20
8003	20
8004	20
8005	20
8006	20
8007	20
8008	20
8009	20
8010	20
8011	20
8012	20
8013	20
8014	20
8015	20
8016	20
8017	20
8018	20
8019	20
8020	20
8021	20
8022	20
8023	20
8024	20
8025	20
8026	20
8027	20
8028	20
8029	20
8030	20
8031	20
8032	20
8033	20
8034	20
8035	20
8036	20
8037	20
8038	20
8039	20
8040	20
8041	20
8042	20
8043	20
8044	20
8045	20
8046	20
8047	20
8048	20
8049	20
8050	20
8051	20
8052	20
8053	20
8054	20
8055	20
8056	20
8057	20
8058	20
8059	20
8060	20
8061	20
8062	20
8063	20
8064	20
8065	20
8066	20
8067	20
8068	20
8069	20
8070	20
8071	20
8072	20
8073	20
8074	20
8075	20
8076	20
8077	20
8078	20
8079	20
8080	20
8081	20
8082	20
8083	20
8084	20
8085	20
8086	20
8087	20
8088	20
8089	20
8090	20
8091	20
8092	20
8093	20
8094	20
8095	20
8096	20
8097	20
8098	20
8099	20
8100	20
8101	20
8102	20
8103	20
8104	20
8105	20
8106	20
8107	20
8108	20
8109	20
8110	20
8111	20
8112	20
8113	20
8114	20
8115	20
8116	20
8117	20
8118	20
8119	20
8120	20
8121	20
8122	20
8123	20
8124	20
8125	20
8126	20
8127	20
8128	20
8129	20
8130	20
8131	20
8132	20
8133	20
8134	20
8135	20
8136	20
8137	20
8138	20
8139	20
8140	20
8141	20
8142	20
8143	20
8144	20
8145	20
8146	20
8147	20
8148	20
8149	20
8150	20
8151	20
8152	20
8153	20
8154	20
8155	20
8156	20
8157	20
8158	20
8159	20
8160	20
8161	20
8162	20
8163	20
8164	20
8165	20
8166	20
8167	20
8168	20
8169	20
8170	20
8171	20
8172	20
8173	20
8174	20
8175	20
8176	20
8177	20
8178	20
8179	20
8180	20
8181	20
8182	20
8183	20
8184	20
8185	20
8186	20
8187	20
8188	20
8189	20
8190	20
8191	20
8192	20
8193	20
8194	20
8195	20
8196	20
8197	20
8198	20
8199	20
8200	20
8201	20
8202	20
8203	20
8204	20
8205	20
8206	20
8207	20
8208	20
8209	20
8210	20
8211	20
8212	20
8213	20
8214	20
8215	20
8216	20
8217	20
8218	20
8219	20
8220	20
8221	20
8222	20
8223	20
8224	20
8225	20
8226	20
8227	20
8228	20
8229	20
8230	20
8231	20
8232	20
8233	20
8234	20
8235	20
8236	20
8237	20
8238	20
8239	20
8240	20
8241	20
8242	20
8243	20
8244	20
8245	20
8246	20
8247	20
8248	20
8249	20
8250	20
8251	20
8252	20
8253	20
8254	20
8255	20
8256	20
8257	20
8258	20
8259	20
8260	20
8261	20
8262	20
8263	20
8264	20
8265	20
8266	20
8267	20
8268	20
8269	20
8270	20
8271	20
8272	20
8273	20
8274	20
8275	20
8276	20
8277	20
8278	20
8279	20
8280	20
8281	20
8282	20
8283	20
8284	20
8285	20
8286	20
8287	20
8288	20
8289	20
8290	20
8291	20
8292	20
8293	20
8294	20
8295	20
8296	20
8297	20
8298	20
8299	20
8300	20
8301	20
8302	20
8303	20
8304	20
8305	20
8306	20
8307	20
8308	20
8309	20
8310	20
8311	20
8312	20
8313	20
8314	20
8315	20
8316	20
8317	20
8318	20
8319	20
8320	20
8321	20
8322	20
8323	20
8324	20
8325	20
8326	20
8327	20
8328	20
8329	20
8330	20
8331	20
8332	20
8333	20
8334	20
8335	20
8336	20
8337	20
8338	20
8339	20
8340	20
8341	20
8342	20
8343	20
8344	20
8345	20
8346	20
8347	20
8348	20
8349	20
8350	20
8351	20
8352	20
8353	20
8354	20
8355	20
8356	20
8357	20
8358	20
8359	20
8360	20
8361	20
8362	20
8363	20
8364	20
8365	20
8366	20
8367	20
8368	20
8369	20
8370	20
8371	20
8372	20
8373	20
8374	20
8375	20
8376	20
8377	20
8378	20
8379	20
8380	20
8381	20
8382	20
8383	20
8384	20
8385	20
8386	20
8387	20
8388	20
8389	20
8390	20
8391	20
8392	20
8393	20
8394	20
8395	20
8396	20
8397	20
8398	20
8399	20
8400	21
8401	21
8402	21
8403	21
8404	21
8405	21
8406	21
8407	21
8408	21
8409	21
8410	21
8411	21
8412	21
8413	21
8414	21
8415	21
8416	21
8417	21
8418	21
8419	21
8420	21
8421	21
8422	21
8423	21
8424	21
8425	21
8426	21
8427	21
8428	21
8429	21
8430	21
8431	21
8432	21
8433	21
8434	21
8435	21
8436	21
8437	21
8438	21
8439	21
8440	21
8441	21
8442	21
8443	21
8444	21
8445	21
8446	21
8447	21
8448	21
8449	21
8450	21
8451	21
8452	21
8453	21
8454	21
8455	21
8456	21
8457	21
8458	21
8459	21
8460	21
8461	21
8462	21
8463	21
8464	21
8465	21
8466	21
8467	21
8468	21
8469	21
8470	21
8471	21
8472	21
8473	21
8474	21
8475	21
8476	21
8477	21
8478	21
8479	21
8480	21
8481	21
8482	21
8483	21
8484	21
8485	21
8486	21
8487	21
8488	21
8489	21
8490	21
8491	21
8492	21
8493	21
8494	21
8495	21
8496	21
8497	21
8498	21
8499	21
8500	21
8501	21
8502	21
8503	21
8504	21
8505	21
8506	21
8507	21
8508	21
8509	21
8510	21
8511	21
8512	21
8513	21
8514	21
8515	21
8516	21
8517	21
8518	21
8519	21
8520	21
8521	21
8522	21
8523	21
8524	21
8525	21
8526	21
8527	21
8528	21
8529	21
8530	21
8531	21
8532	21
8533	21
8534	21
8535	21
8536	21
8537	21
8538	21
8539	21
8540	21
8541	21
8542	21
8543	21
8544	21
8545	21
8546	21
8547	21
8548	21
8549	21
8550	21
8551	21
8552	21
8553	21
8554	21
8555	21
8556	21
8557	21
8558	21
8559	21
8560	21
8561	21
8562	21
8563	21
8564	21
8565	21
8566	21
8567	21
8568	21
8569	21
8570	21
8571	21
8572	21
8573	21
8574	21
8575	21
8576	21
8577	21
8578	21
8579	21
8580	21
8581	21
8582	21
8583	21
8584	21
8585	21
8586	21
8587	21
8588	21
8589	21
8590	21
8591	21
8592	21
8593	21
8594	21
8595	21
8596	21
8597	21
8598	21
8599	21
8600	21
8601	21
8602	21
8603	21
8604	21
8605	21
8606	21
8607	21
8608	21
8609	21
8610	21
8611	21
8612	21
8613	21
8614	21
8615	21
8616	21
8617	21
8618	21
8619	21
8620	21
8621	21
8622	21
8623	21
8624	21
8625	21
8626	21
8627	21
8628	21
8629	21
8630	21
8631	21
8632	21
8633	21
8634	21
8635	21
8636	21
8637	21
8638	21
8639	21
8640	21
8641	21
8642	21
8643	21
8644	21
8645	21
8646	21
8647	21
8648	21
8649	21
8650	21
8651	21
8652	21
8653	21
8654	21
8655	21
8656	21
8657	21
8658	21
8659	21
8660	21
8661	21
8662	21
8663	21
8664	21
8665	21
8666	21
8667	21
8668	21
8669	21
8670	21
8671	21
8672	21
8673	21
8674	21
8675	21
8676	21
8677	21
8678	21
8679	21
8680	21
8681	21
8682	21
8683	21
8684	21
8685	21
8686	21
8687	21
8688	21
8689	21
8690	21
8691	21
8692	21
8693	21
8694	21
8695	21
8696	21
8697	21
8698	21
8699	21
8700	21
8701	21
8702	21
8703	21
8704	21
8705	21
8706	21
8707	21
8708	21
8709	21
8710	21
8711	21
8712	21
8713	21
8714	21
8715	21
8716	21
8717	21
8718	21
8719	21
8720	21
8721	21
8722	21
8723	21
8724	21
8725	21
8726	21
8727	21
8728	21
8729	21
8730	21
8731	21
8732	21
8733	21
8734	21
8735	21
8736	21
8737	21
8738	21
8739	21
8740	21
8741	21
8742	21
8743	21
8744	21
8745	21
8746	21
8747	21
8748	21
8749	21
8750	21
8751	21
8752	21
8753	21
8754	21
8755	21
8756	21
8757	21
8758	21
8759	21
8760	21
8761	21
8762	21
8763	21
8764	21
8765	21
8766	21
8767	21
8768	21
8769	21
8770	21
8771	21
8772	21
8773	21
8774	21
8775	21
8776	21
8777	21
8778	21
8779	21
8780	21
8781	21
8782	21
8783	21
8784	21
8785	21
8786	21
8787	21
8788	21
8789	21
8790	21
8791	21
8792	21
8793	21
8794	21
8795	21
8796	21
8797	21
8798	21
8799	21
8800	22
8801	22
8802	22
8803	22
8804	22
8805	22
8806	22
8807	22
8808	22
8809	22
8810	22
8811	22
8812	22
8813	22
8814	22
8815	22
8816	22
8817	22
8818	22
8819	22
8820	22
8821	22
8822	22
8823	22
8824	22
8825	22
8826	22
8827	22
8828	22
8829	22
8830	22
8831	22
8832	22
8833	22
8834	22
8835	22
8836	22
8837	22
8838	22
8839	22
8840	22
8841	22
8842	22
8843	22
8844	22
8845	22
8846	22
8847	22
8848	22
8849	22
8850	22
8851	22
8852	22
8853	22
8854	22
8855	22
8856	22
8857	22
8858	22
8859	22
8860	22
8861	22
8862	22
8863	22
8864	22
8865	22
8866	22
8867	22
8868	22
8869	22
8870	22
8871	22
8872	22
8873	22
8874	22
8875	22
8876	22
8877	22
8878	22
8879	22
8880	22
8881	22
8882	22
8883	22
8884	22
8885	22
8886	22
8887	22
8888	22
8889	22
8890	22
8891	22
8892	22
8893	22
8894	22
8895	22
8896	22
8897	22
8898	22
8899	22
8900	22
8901	22
8902	22
8903	22
8904	22
8905	22
8906	22
8907	22
8908	22
8909	22
8910	22
8911	22
8912	22
8913	22
8914	22
8915	22
8916	22
8917	22
8918	22
8919	22
8920	22
8921	22
8922	22
8923	22
8924	22
8925	22
8926	22
8927	22
8928	22
8929	22
8930	22
8931	22
8932	22
8933	22
8934	22
8935	22
8936	22
8937	22
8938	22
8939	22
8940	22
8941	22
8942	22
8943	22
8944	22
8945	22
8946	22
8947	22
8948	22
8949	22
8950	22
8951	22
8952	22
8953	22
8954	22
8955	22
8956	22
8957	22
8958	22
8959	22
8960	22
8961	22
8962	22
8963	22
8964	22
8965	22
8966	22
8967	22
8968	22
8969	22
8970	22
8971	22
8972	22
8973	22
8974	22
8975	22
8976	22
8977	22
8978	22
8979	22
8980	22
8981	22
8982	22
8983	22
8984	22
8985	22
8986	22
8987	22
8988	22
8989	22
8990	22
8991	22
8992	22
8993	22
8994	22
8995	22
8996	22
8997	22
8998	22
8999	22
9000	22
9001	22
9002	22
9003	22
9004	22
9005	22
9006	22
9007	22
9008	22
9009	22
9010	22
9011	22
9012	22
9013	22
9014	22
9015	22
9016	22
9017	22
9018	22
9019	22
9020	22
9021	22
9022	22
9023	22
9024	22
9025	22
9026	22
9027	22
9028	22
9029	22
9030	22
9031	22
9032	22
9033	22
9034	22
9035	22
9036	22
9037	22
9038	22
9039	22
9040	22
9041	22
9042	22
9043	22
9044	22
9045	22
9046	22
9047	22
9048	22
9049	22
9050	22
9051	22
9052	22
9053	22
9054	22
9055	22
9056	22
9057	22
9058	22
9059	22
9060	22
9061	22
9062	22
9063	22
9064	22
9065	22
9066	22
9067	22
9068	22
9069	22
9070	22
9071	22
9072	22
9073	22
9074	22
9075	22
9076	22
9077	22
9078	22
9079	22
9080	22
9081	22
9082	22
9083	22
9084	22
9085	22
9086	22
9087	22
9088	22
9089	22
9090	22
9091	22
9092	22
9093	22
9094	22
9095	22
9096	22
9097	22
9098	22
9099	22
9100	22
9101	22
9102	22
9103	22
9104	22
9105	22
9106	22
9107	22
9108	22
9109	22
9110	22
9111	22
9112	22
9113	22
9114	22
9115	22
9116	22
9117	22
9118	22
9119	22
9120	22
9121	22
9122	22
9123	22
9124	22
9125	22
9126	22
9127	22
9128	22
9129	22
9130	22
9131	22
9132	22
9133	22
9134	22
9135	22
9136	22
9137	22
9138	22
9139	22
9140	22
9141	22
9142	22
9143	22
9144	22
9145	22
9146	22
9147	22
9148	22
9149	22
9150	22
9151	22
9152	22
9153	22
9154	22
9155	22
9156	22
9157	22
9158	22
9159	22
9160	22
9161	22
9162	22
9163	22
9164	22
9165	22
9166	22
9167	22
9168	22
9169	22
9170	22
9171	22
9172	22
9173	22
9174	22
9175	22
9176	22
9177	22
9178	22
9179	22
9180	22
9181	22
9182	22
9183	22
9184	22
9185	22
9186	22
9187	22
9188	22
9189	22
9190	22
9191	22
9192	22
9193	22
9194	22
9195	22
9196	22
9197	22
9198	22
9199	22
9200	23
9201	23
9202	23
9203	23
9204	23
9205	23
9206	23
9207	23
9208	23
9209	23
9210	23
9211	23
9212	23
9213	23
9214	23
9215	23
9216	23
9217	23
9218	23
9219	23
9220	23
9221	23
9222	23
9223	23
9224	23
9225	23
9226	23
9227	23
9228	23
9229	23
9230	23
9231	23
9232	23
9233	23
9234	23
9235	23
9236	23
9237	23
9238	23
9239	23
9240	23
9241	23
9242	23
9243	23
9244	23
9245	23
9246	23
9247	23
9248	23
9249	23
9250	23
9251	23
9252	23
9253	23
9254	23
9255	23
9256	23
9257	23
9258	23
9259	23
9260	23
9261	23
9262	23
9263	23
9264	23
9265	23
9266	23
9267	23
9268	23
9269	23
9270	23
9271	23
9272	23
9273	23
9274	23
9275	23
9276	23
9277	23
9278	23
9279	23
9280	23
9281	23
9282	23
9283	23
9284	23
9285	23
9286	23
9287	23
9288	23
9289	23
9290	23
9291	23
9292	23
9293	23
9294	23
9295	23
9296	23
9297	23
9298	23
9299	23
9300	23
9301	23
9302	23
9303	23
9304	23
9305	23
9306	23
9307	23
9308	23
9309	23
9310	23
9311	23
9312	23
9313	23
9314	23
9315	23
9316	23
9317	23
9318	23
9319	23
9320	23
9321	23
9322	23
9323	23
9324	23
9325	23
9326	23
9327	23
9328	23
9329	23
9330	23
9331	23
9332	23
9333	23
9334	23
9335	23
9336	23
9337	23
9338	23
9339	23
9340	23
9341	23
9342	23
9343	23
9344	23
9345	23
9346	23
9347	23
9348	23
9349	23
9350	23
9351	23
9352	23
9353	23
9354	23
9355	23
9356	23
9357	23
9358	23
9359	23
9360	23
9361	23
9362	23
9363	23
9364	23
9365	23
9366	23
9367	23
9368	23
9369	23
9370	23
9371	23
9372	23
9373	23
9374	23
9375	23
9376	23
9377	23
9378	23
9379	23
9380	23
9381	23
9382	23
9383	23
9384	23
9385	23
9386	23
9387	23
9388	23
9389	23
9390	23
9391	23
9392	23
9393	23
9394	23
9395	23
9396	23
9397	23
9398	23
9399	23
9400	23
9401	23
9402	23
9403	23
9404	23
9405	23
9406	23
9407	23
9408	23
9409	23
9410	23
9411	23
9412	23
9413	23
9414	23
9415	23
9416	23
9417	23
9418	23
9419	23
9420	23
9421	23
9422	23
9423	23
9424	23
9425	23
9426	23
9427	23
9428	23
9429	23
9430	23
9431	23
9432	23
9433	23
9434	23
9435	23
9436	23
9437	23
9438	23
9439	23
9440	23
9441	23
9442	23
9443	23
9444	23
9445	23
9446	23
9447	23
9448	23
9449	23
9450	23
9451	23
9452	23
9453	23
9454	23
9455	23
9456	23
9457	23
9458	23
9459	23
9460	23
9461	23
9462	23
9463	23
9464	23
9465	23
9466	23
9467	23
9468	23
9469	23
9470	23
9471	23
9472	23
9473	23
9474	23
9475	23
9476	23
9477	23
9478	23
9479	23
9480	23
9481	23
9482	23
9483	23
9484	23
9485	23
9486	23
9487	23
9488	23
9489	23
9490	23
9491	23
9492	23
9493	23
9494	23
9495	23
9496	23
9497	23
9498	23
9499	23
9500	23
9501	23
9502	23
9503	23
9504	23
9505	23
9506	23
9507	23
9508	23
9509	23
9510	23
9511	23
9512	23
9513	23
9514	23
9515	23
9516	23
9517	23
9518	23
9519	23
9520	23
9521	23
9522	23
9523	23
9524	23
9525	23
9526	23
9527	23
9528	23
9529	23
9530	23
9531	23
9532	23
9533	23
9534	23
9535	23
9536	23
9537	23
9538	23
9539	23
9540	23
9541	23
9542	23
9543	23
9544	23
9545	23
9546	23
9547	23
9548	23
9549	23
9550	23
9551	23
9552	23
9553	23
9554	23
9555	23
9556	23
9557	23
9558	23
9559	23
9560	23
9561	23
9562	23
9563	23
9564	23
9565	23
9566	23
9567	23
9568	23
9569	23
9570	23
9571	23
9572	23
9573	23
9574	23
9575	23
9576	23
9577	23
9578	23
9579	23
9580	23
9581	23
9582	23
9583	23
9584	23
9585	23
9586	23
9587	23
9588	23
9589	23
9590	23
9591	23
9592	23
9593	23
9594	23
9595	23
9596	23
9597	23
9598	23
9599	23
9600	24
9601	24
9602	24
9603	24
9604	24
9605	24
9606	24
9607	24
9608	24
9609	24
9610	24
9611	24
9612	24
9613	24
9614	24
9615	24
9616	24
9617	24
9618	24
9619	24
9620	24
9621	24
9622	24
9623	24
9624	24
9625	24
9626	24
9627	24
9628	24
9629	24
9630	24
9631	24
9632	24
9633	24
9634	24
9635	24
9636	24
9637	24
9638	24
9639	24
9640	24
9641	24
9642	24
9643	24
9644	24
9645	24
9646	24
9647	24
9648	24
9649	24
9650	24
9651	24
9652	24
9653	24
9654	24
9655	24
9656	24
9657	24
9658	24
9659	24
9660	24
9661	24
9662	24
9663	24
9664	24
9665	24
9666	24
9667	24
9668	24
9669	24
9670	24
9671	24
9672	24
9673	24
9674	24
9675	24
9676	24
9677	24
9678	24
9679	24
9680	24
9681	24
9682	24
9683	24
9684	24
9685	24
9686	24
9687	24
9688	24
9689	24
9690	24
9691	24
9692	24
9693	24
9694	24
9695	24
9696	24
9697	24
9698	24
9699	24
9700	24
9701	24
9702	24
9703	24
9704	24
9705	24
9706	24
9707	24
9708	24
9709	24
9710	24
9711	24
9712	24
9713	24
9714	24
9715	24
9716	24
9717	24
9718	24
9719	24
9720	24
9721	24
9722	24
9723	24
9724	24
9725	24
9726	24
9727	24
9728	24
9729	24
9730	24
9731	24
9732	24
9733	24
9734	24
9735	24
9736	24
9737	24
9738	24
9739	24
9740	24
9741	24
9742	24
9743	24
9744	24
9745	24
9746	24
9747	24
9748	24
9749	24
9750	24
9751	24
9752	24
9753	24
9754	24
9755	24
9756	24
9757	24
9758	24
9759	24
9760	24
9761	24
9762	24
9763	24
9764	24
9765	24
9766	24
9767	24
9768	24
9769	24
9770	24
9771	24
9772	24
9773	24
9774	24
9775	24
9776	24
9777	24
9778	24
9779	24
9780	24
9781	24
9782	24
9783	24
9784	24
9785	24
9786	24
9787	24
9788	24
9789	24
9790	24
9791	24
9792	24
9793	24
9794	24
9795	24
9796	24
9797	24
9798	24
9799	24
9800	24
9801	24
9802	24
9803	24
9804	24
9805	24
9806	24
9807	24
9808	24
9809	24
9810	24
9811	24
9812	24
9813	24
9814	24
9815	24
9816	24
9817	24
9818	24
9819	24
9820	24
9821	24
9822	24
9823	24
9824	24
9825	24
9826	24
9827	24
9828	24
9829	24
9830	24
9831	24
9832	24
9833	24
9834	24
9835	24
9836	24
9837	24
9838	24
9839	24
9840	24
9841	24
9842	24
9843	24
9844	24
9845	24
9846	24
9847	24
9848	24
9849	24
9850	24
9851	24
9852	24
9853	24
9854	24
9855	24
9856	24
9857	24
9858	24
9859	24
9860	24
9861	24
9862	24
9863	24
9864	24
9865	24
9866	24
9867	24
9868	24
9869	24
9870	24
9871	24
9872	24
9873	24
9874	24
9875	24
9876	24
9877	24
9878	24
9879	24
9880	24
9881	24
9882	24
9883	24
9884	24
9885	24
9886	24
9887	24
9888	24
9889	24
9890	24
9891	24
9892	24
9893	24
9894	24
9895	24
9896	24
9897	24
9898	24
9899	24
9900	24
9901	24
9902	24
9903	24
9904	24
9905	24
9906	24
9907	24
9908	24
9909	24
9910	24
9911	24
9912	24
9913	24
9914	24
9915	24
9916	24
9917	24
9918	24
9919	24
9920	24
9921	24
9922	24
9923	24
9924	24
9925	24
9926	24
9927	24
9928	24
9929	24
9930	24
9931	24
9932	24
9933	24
9934	24
9935	24
9936	24
9937	24
9938	24
9939	24
9940	24
9941	24
9942	24
9943	24
9944	24
9945	24
9946	24
9947	24
9948	24
9949	24
9950	24
9951	24
9952	24
9953	24
9954	24
9955	24
9956	24
9957	24
9958	24
9959	24
9960	24
9961	24
9962	24
9963	24
9964	24
9965	24
9966	24
9967	24
9968	24
9969	24
9970	24
9971	24
9972	24
9973	24
9974	24
9975	24
9976	24
9977	24
9978	24
9979	24
9980	24
9981	24
9982	24
9983	24
9984	24
9985	24
9986	24
9987	24
9988	24
9989	24
9990	24
9991	24
9992	24
9993	24
9994	24
9995	24
9996	24
9997	24
9998	24
9999	24
